"SRR5865065"	"SRR5865066"	"SRR5865067"	"SRR5865068"	"SRR5865069"	"SRR5865070"	"SRR5865071"	"SRR5865072"	"SRR5865073"	"SRR5865074"	"SRR5865075"	"SRR5865076"	"SRR5865077"	"SRR5865078"	"SRR5865079"	"SRR5865080"	"SRR5865081"	"SRR5865082"	"SRR5865083"	"SRR5865084"	"SRR5865085"	"SRR5865086"	"SRR5865087"	"SRR5865088"	"SRR5865089"	"SRR5865090"	"SRR5865091"	"SRR5865092"	"SRR5865093"	"SRR5865094"	"SRR5865095"	"SRR5865096"	"SRR5865097"	"SRR5865098"	"SRR5865099"	"SRR5865100"	"SRR5865101"	"SRR5865102"	"SRR5865103"	"SRR5865104"	"SRR5865105"	"SRR5865106"	"SRR5865107"	"SRR5865108"	"SRR5865109"	"SRR5865110"	"SRR5865111"	"SRR5865112"	"SRR5865113"	"SRR5865114"	"SRR5865115"	"SRR5865116"	"SRR5865117"	"SRR5865118"	"SRR5865119"	"SRR5865120"	"SRR5865121"	"SRR5865122"	"SRR5865123"	"SRR5865124"	"SRR5865125"	"SRR5865126"	"SRR5865127"	"SRR5865128"	"SRR5865129"	"SRR5865130"	"SRR5865131"	"SRR5865132"	"SRR5865133"	"SRR5865134"	"SRR5865135"
"Abiotrophia"	1	21	0	4	82	3	66	30	6	0	2	2	4	4	5	10	24	18	4	9	13	11	6	4	0	9	13	1	0	8	0	6	36	29	12	22	2	5	5	9	0	14	14	3	0	2	1	5	24	55	3	90	6	7	2	31	0	11	0	5	4	0	4	75	16	10	50	27	8	8	12
"Acetanaerobacterium"	13	4	0	19	7	2	0	11	0	10	0	0	3	0	0	11	4	2	0	0	2	15	35	1	0	0	0	0	0	0	0	2	0	3	0	9	0	0	0	0	0	1	0	2	0	0	0	1	4	1	1	0	1	0	0	0	0	2	5	0	16	4	0	0	0	2	0	0	0	0	0
"Acetatifactor"	0	0	0	0	9	0	13	4	0	0	0	0	0	0	1	5	2	0	0	0	0	0	1	0	0	2	2	0	0	0	0	0	5	8	0	0	0	0	0	9	0	0	1	0	0	0	0	0	2	4	0	10	2	3	0	2	0	3	0	4	0	0	0	4	2	0	0	4	4	0	4
"Acidaminococcus"	3	1707	4	6	15	5	7	22	7	31	258	7	2970	422	42	24	17	3030	2	4	6	2	374	4321	9	1666	7	7	3	18	9	6	1259	6046	4	2	13	15	5356	172	3720	11	51	7	15	240	2	91	187	13512	5	3	2	3	6	494	3577	7	4250	8	12	14	929	3	3	0	16	4	3414	5	3
"Acinetobacter"	1	0	0	7	1	0	3	8	0	0	0	0	0	0	20	0	4	30	7	2	0	2	1	0	22	0	0	0	0	0	0	0	0	0	0	0	24	0	0	0	0	0	6	0	0	24	0	0	0	0	0	0	2	0	0	0	0	0	0	0	0	0	25	0	0	0	0	2	0	0	0
"Actinomyces"	14	10	7	15	26	0	85	13	5	14	2	6	22	6	11	18	2	85	39	1	0	0	8	20	25	0	0	47	17	7	0	12	49	42	9	4	57	0	27	24	0	13	7	0	2	2	1	9	22	12	16	29	10	34	0	4	0	0	0	0	7	4	2	19	2	2	0	43	3	0	2
"Akkermansia"	941	1719	63	6426	8160	84	95	39	5	429	30178	104	21	26	25145	38542	38	21	4539	47	43	1427	2081	25	19	665	2150	4771	14497	118	112	3141	85	4343	766	4246	53	33	34821	18339	30	579	212	1827	62	20	142	30	44	32	1483	193	45	9142	26	168	666	827	340	13	7160	1573	97	72	79	67	856	4891	751	40	5626
"Alistipes"	2289	529	4770	932	299	147	138	2074	14	1091	4135	15	1474	484	1538	7298	152	2548	2256	19	420	2082	3422	646	1022	2297	1265	5192	7	32	17321	2757	8498	3366	560	1442	470	890	1332	2738	82	105	159	240	158	62	3487	902	1212	4979	2473	339	2391	5749	190	107	1448	550	1295	3189	24	221	2338	116	1058	1767	1574	371	406	621	3049
"Allisonella"	179	80	0	74	2	157	2	182	3	60	20	0	69	398	527	0	28	1317	86	0	10	6	116	374	0	0	0	2	1	3	0	1	33	345	0	39	54	602	0	116	55	354	311	1385	506	416	0	84	169	141	1	0	1	0	3	3	57	0	7	493	1	135	0	1298	18	0	2	2	54	3	2
"Alloprevotella"	7	2	14	611	32	3098	25	6	12	4556	5	4	3	7663	12	23	46	5732	7	8	15	3	679	6	4	9	7	82	30	4459	4	1	6119	24	3	306	4214	6331	909	98	5336	15	6	5	11482	8	3	4309	10391	16	77	54	3	1	2	18	3263	5	0	16	4	2	8	2205	2350	12	90	4	13	239	9
"Anaeroglobus"	21	0	0	0	0	0	0	0	0	0	0	2	0	2	0	52	0	3	2	0	3	0	2	1	0	0	9	6	23	3	0	2	3	37	2	0	0	0	33	6	0	5	18	14	0	0	0	19	1	0	4	3	0	37	0	0	0	0	0	0	1	2	4	0	0	0	0	0	2	0	0
"Anaeroplasma"	0	1	0	0	15	0	3	0	0	0	0	0	0	0	0	0	5	0	0	0	3	0	0	0	0	0	0	0	0	2	12	0	0	2	3	4	0	0	0	2	0	0	0	0	0	0	0	0	0	5	0	4	1	0	0	3	0	2	0	0	0	0	2	7	6	0	4	0	0	0	0
"Anaerostipes"	80	85	1788	19	8320	387	10553	150	329	73	114	719	41	43	591	223	933	26	45	309	123	35	33	39	1125	26	1730	109	347	37	517	14	17	232	192	198	141	157	26	1114	15	73	272	136	227	49	383	10	15	2304	672	468	1026	46	1484	2056	83	137	93	218	235	280	317	2204	935	524	294	2417	42	19	1589
"Anaerotruncus"	31	70	8	41	1	5	0	68	0	13	439	0	0	0	129	77	3	7	9	0	4	23	152	0	12	3	0	92	0	0	0	141	4	0	17	127	0	0	224	124	2	0	0	0	0	6	6	2	2	0	11	0	0	67	0	11	6	16	8	0	48	54	0	0	9	4	24	5	11	6	6
"Atopobium"	6	0	4	0	1	2	66	3	0	6	2	0	0	9	4	9	2	92	12	1	0	15	8	7	2	0	3	84	8	4	0	2	13	11	4	0	2	0	9	50	0	5	7	0	5	2	0	9	10	0	8	50	2	4	7	0	0	3	0	0	7	5	0	2	3	0	0	23	0	0	0
"Bacteroides"	25362	22682	83978	29772	19721	3249	1749	12738	23321	15933	32250	34104	10320	11189	22866	35418	7193	4955	23342	112480	7286	21128	43495	4700	6966	14147	53399	73677	23833	23083	86692	24205	29875	24576	16152	41298	6684	10596	14527	41690	1553	4375	3864	26045	1482	3372	57626	49185	4148	20725	9784	8037	72179	74608	52312	41145	10206	17396	29180	48153	72020	65201	43951	2682	17624	49932	16874	8587	13090	7899	69675
"Barnesiella"	3553	1612	3	54	8	6	2	154	1579	205	548	3850	500	4	7	1	176	66	770	5	104	0	384	19	80	33	0	3	2	2975	5	295	123	2366	365	150	9	504	4	4	20	39	57	4	33	5	620	1577	254	516	124	59	513	336	2	764	0	10	21	3255	2	215	41	56	14	6	80	132	1107	30	3493
"Bifidobacterium"	12	3	145	84	3916	618	14052	3492	80	91	52	477	1974	20	140	600	7635	79	5	1123	0	0	2444	257	247	2	4	280	38	51	0	140	641	466	858	104	22	66	79	2578	91	1532	1481	2	4	131	117	113	148	165	229	2001	1707	3	8	5	22	0	0	10	0	13	1121	3	484	2110	0	194	52	60	461
"Bilophila"	464	143	3	130	5	38	0	71	0	48	635	6	115	492	391	515	249	68	784	0	30	68	861	19	65	42	102	1	221	313	3	233	908	329	85	297	7	77	502	2	38	3	6	125	58	20	342	391	769	415	93	62	693	1365	0	31	183	22	0	324	1	311	145	3	53	344	36	115	60	4	225
"Blautia"	833	431	3294	501	30565	1338	20917	7165	964	775	1794	3148	1063	1099	1205	2577	5043	1051	636	7548	1871	843	1070	1294	4824	544	1385	2336	1102	839	199	477	1578	1557	1262	1256	883	890	2372	3390	354	842	2342	650	336	780	3215	1196	658	2922	4703	5364	4353	2675	2691	11608	957	1304	611	4074	4510	1724	835	4912	2060	2277	1887	15138	656	496	2307
"Butyricicoccus"	119	104	222	206	634	485	119	268	228	211	125	161	488	88	48	691	369	96	276	423	356	90	462	211	267	50	215	125	77	27	22	71	121	195	98	193	387	601	61	215	90	100	255	199	251	264	429	84	112	475	233	193	591	779	223	478	233	119	23	134	301	249	334	2009	207	111	165	1633	82	78	65
"Butyricimonas"	675	332	3	480	9	152	3	64	2	711	1675	6	212	451	109	553	27	417	4099	5	78	71	386	3	34	595	176	218	177	5	9	1335	1093	1009	701	1139	897	85	54	406	83	66	109	4	44	40	153	186	494	98	96	41	1	315	3	24	263	62	19	2	2354	2062	347	3	80	2	32	14	278	96	241
"Butyrivibrio"	6	2	5	11106	1	2	5	5	2	924	2	0	37	0	6	1	0	5	3	0	0	0	0	0	0	20	0	0	1	0	2	0	0	4	0	0	2645	0	0	0	50	18	2	0	2	3	3	0	2	5	1955	0	1	8	4	0	0	2	0	0	0	0	3	0	0	2	0	3	0	3373	0
"Campylobacter"	10	2	0	0	1	0	0	0	0	3	0	3	10	2	0	7	0	7	26	0	5	2	13	11	0	0	0	18	4	6	6	54	4	8	0	0	7	0	28	8	0	4	11	2	89	0	0	5	7	0	2	17	2	0	6	2	0	22	23	0	0	4	139	0	0	0	3	0	0	3	0
"Catabacter"	0	2	0	0	0	0	0	0	0	1	11	0	3	0	0	1	7	0	0	0	2	8	2	0	12	0	0	0	0	0	0	16	3	0	0	4	0	0	8	14	0	0	0	0	0	0	0	0	0	0	7	0	0	4	0	0	7	0	0	0	0	2	0	0	0	4	5	2	0	0	3
"Catenibacterium"	0	18	0	35	1	155	0	110	35	0	135	178	102	160	10	0	4	130	12	0	4	9	5	66	0	3	0	0	17	49	0	11	17	34	22	4	116	24	2	0	35	36	18	0	15	107	0	20	62	0	0	11	1	0	0	0	7	0	0	16	0	0	0	0	0	0	0	0	58	16	0
"Cetobacterium"	100	3	17	5	41	37	4	13	43	17004	4	6	12	25	7	8	18	11	15751	11	10	5	260	7	3	56	2	19	110	323	268	10	37	73	0	19	1536	9	100	5	10	38	13	838	794	4	7	662	11	178	20	5	1	8	9	5	5	7	7	2	32	49	33	3	4	2	8	2	5	6	5
"Christensenella"	2	13	0	3	0	0	0	109	0	0	15	0	8	0	0	0	2	1	7	0	6	8	2	0	13	0	0	0	0	0	8	0	0	4	9	0	0	0	0	0	2	0	0	0	0	0	8	0	14	25	13	0	0	0	0	0	0	2	4	0	0	0	0	0	0	0	0	5	3	0	0
"Clostridium.IV"	31	324	49	3676	48	738	6	148	0	241	140	0	2788	0	29	72	69	35	31	7	838	160	35	13	1208	80	0	5	0	0	5	70	207	91	294	98	74	6	666	42	36	4	15	2	7	0	226	35	89	539	25	38	83	45	27	11	26	105	54	8	863	34	54	114	3759	96	1084	40	63	3016	432
"Clostridium.XVIII"	1	0	12	5	304	0	1483	0	0	5	2	0	43	0	0	34	35	1	2	113	18	0	0	0	32	0	7	1	2	0	2	7	0	30	35	9	0	0	0	45	0	0	8	26	0	1	53	3	0	35	27	17	106	78	41	77	0	16	0	0	62	13	19	10	11	0	14	96	0	0	9
"Clostridium.XlVa"	307	684	143	87	247	32	30272	459	677	67	267	401	183	202	802	441	15	229	120	2691	503	333	479	54	68	103	1186	612	444	478	811	606	66	200	64	1696	121	17	4692	1184	48	37	39	521	234	23	194	1544	57	1528	157	48	48	3924	285	618	60	91	297	699	2414	1301	141	29	14	181	132	189	274	71	174
"Clostridium.XlVb"	928	361	1413	335	150	438	86	85	1490	182	293	1213	225	429	2191	1961	33	718	399	3	437	178	116	303	931	541	1863	1430	833	1282	367	638	381	641	1001	1015	1546	1319	5106	2015	299	561	1010	1373	784	76	1230	1253	636	2568	1936	157	289	2728	519	363	220	984	396	4033	7285	3676	970	882	295	778	637	1643	64	58	756
"Clostridium.sensu.stricto"	90	6	0	257	16	104	4	8	0	725	6	2	1099	24	1	26	1556	68	361	8	63	1814	8	176	14	7	3	0	1	0	0	92	43	398	3	3	142	332	38	105	11	6	942	10	0	6	11	0	2	10	1	200	68	6	5	620	130	7	65	10	100	365	165	1082	5	60	84	17	8	85	37
"Collinsella"	265	257	7	406	6532	606	5	1398	0	0	435	0	2377	1218	416	1942	2960	1070	739	636	0	0	3293	749	0	0	0	0	0	0	0	0	0	0	0	0	410	0	0	0	0	1610	1121	0	0	561	442	361	473	2429	1337	2336	907	0	0	0	0	0	0	0	0	0	0	0	0	0	0	0	0	60	0
"Coprobacillus"	0	0	0	0	0	6	7	2	0	0	70	0	0	0	0	43	0	0	3	101	0	11	1	0	10	0	0	0	0	0	0	0	0	0	0	3	7	0	7	6	0	0	0	0	0	0	13	0	0	4	30	0	0	6	4	73	0	0	0	0	159	50	28	0	0	0	0	8	0	0	0
"Coprobacter"	0	0	3	0	0	9	0	3	0	0	0	0	0	0	0	354	0	0	0	0	0	28	3	0	0	114	0	0	0	0	2	0	26	2	61	0	5	0	0	0	0	0	0	0	0	0	9	45	144	0	2	0	0	0	0	0	12	71	0	98	0	0	228	0	0	0	9	0	0	0	0
"Coprococcus"	174	1221	758	670	2479	2774	5	584	51	539	254	368	1151	364	123	466	417	3036	609	4	524	2014	107	413	640	1029	576	305	2	68	127	614	359	877	1871	348	2063	630	181	304	299	445	870	10	196	279	841	292	335	216	486	857	1683	1136	648	281	290	3075	1458	419	7	7	1545	1734	446	441	506	162	1623	2489	772
"Corynebacterium"	0	1	4	0	5	0	5	0	2	2	0	0	0	0	2	0	2	30	0	0	0	0	1	1	0	0	2	5	0	0	0	0	0	0	2	0	4	0	0	0	0	0	3	0	2	0	0	1	0	0	1	3	0	6	0	0	0	0	0	2	1	0	0	0	0	0	0	0	0	0	0
"Desulfovibrio"	130	2083	0	916	4	17	0	896	0	0	336	0	28	864	836	308	2	857	62	0	457	587	1640	1	200	481	118	68	0	2	0	513	1142	16	459	283	90	0	1703	183	323	138	221	72	136	195	6	573	1374	3	249	1	0	2	2	160	761	419	87	3	0	1447	330	0	0	0	228	192	878	218	2
"Dialister"	50	30	23	26	42	7442	13	19	9	15	13	19	6582	54	21	500	30	11426	36	9	2201	42	28	8944	1572	28	49	68	522	579	36	94	196	247	61	57	1702	3289	8256	9327	5025	730	2316	4674	7857	12	5	3972	8524	18649	25	65	13	4013	14	24	5465	130	11	137	11	14	16	14	4152	4103	5785	25	12	5	3320
"Dorea"	374	303	977	501	2480	894	1306	2214	571	641	428	1225	759	333	257	2637	1197	499	333	126	396	505	1095	730	1252	140	670	538	352	311	112	136	517	674	862	151	1863	664	263	1857	148	381	550	612	295	644	1130	577	596	1868	1211	1865	902	1081	972	753	271	606	215	625	650	126	540	1614	992	892	311	2135	593	266	313
"Eggerthella"	0	0	1	0	521	2	305	0	0	0	0	0	0	0	0	73	0	0	0	0	0	0	0	0	0	0	0	1	4	7	0	0	0	0	0	11	0	0	1	5	2	0	0	0	0	0	0	0	0	54	0	14	69	21	0	0	0	0	0	0	1	4	0	30	4	5	0	0	0	0	0
"Eisenbergiella"	12	14	10	13	2	0	0	17	0	19	36	0	92	1	7	8	35	4	8	0	24	260	2	1	5	0	0	5	0	0	2	0	2	0	7	0	0	0	21	0	0	0	0	1	0	0	9	22	48	14	14	2	9	243	116	24	7	23	10	0	648	323	2	0	2	8	15	25	42	8	41
"Enterococcus"	19	34	1	5	95	3	77	38	2	34	7	0	51	7	5	24	24	67	5	15	11	7	12	12	154	16	16	0	0	10	2	64	46	111	11	16	17	13	1	97	2	9	12	3	0	0	12	22	29	72	68	113	9	37	0	127	3	14	4	56	0	13	255	50	23	13	69	16	16	13	8
"Escherichia.Shigella"	22856	8768	51	8944	127	311	2720	56	75	35445	2762	253	1282	2367	285	10731	314	16435	16931	469	1627	14594	350	88	11922	2952	2549	20090	719	191	7	7027	22366	15035	1710	9552	466	56	1311	16032	77	6299	4716	1163	358	581	13019	5569	13141	87	659	248	19	12672	1404	701	2662	2002	2261	198	2037	14789	71	147	133	4285	4744	268	134	3910	52
"Eubacterium"	0	0	0	0	3	0	0	46	0	3	0	0	6	0	0	0	77	4	2	0	13	5	4	0	0	0	0	6	0	0	0	0	0	3	0	0	0	0	1	0	3	0	0	0	0	0	0	0	0	4	0	0	0	8	0	0	0	0	0	0	0	0	0	0	0	0	0	0	2	2	0
"Faecalibacterium"	6864	8979	13857	4724	171	8448	138	911	6294	3378	4783	5121	3606	262	1602	2761	6590	5726	3717	7807	10313	3982	2504	7049	8977	1763	54	3601	6419	1929	736	6209	3796	8064	11710	415	7525	4037	348	7471	2636	1430	4815	1335	551	4910	14925	2004	3083	8929	8408	8585	15478	1572	4388	150	4847	9310	3012	5067	631	641	9182	37323	9227	11164	3903	11556	3337	4637	8808
"Falsiporphyromonas"	2	27	0	7	77	3	47	20	5	1	1	0	3	8	8	17	27	4	3	7	18	27	113	0	6	29	11	0	0	5	103	18	52	14	14	15	7	7	10	13	3	3	12	1	0	0	3	2	23	112	1	116	6	9	11	40	11	31	24	16	1	13	5	42	23	7	100	18	18	20	15
"Flavonifractor"	3	5	350	8	205	14	12	364	464	6	11	735	4	3	3	86	2	107	33	337	16	322	75	131	23	5	53	2	197	0	8	5	15	58	21	122	11	31	32	147	5	1	3	27	4	196	53	108	4	352	14	57	96	761	151	153	63	3	2	151	232	1271	5	86	25	74	15	38	44	3	235
"Fusicatenibacter"	352	371	558	252	22	187	713	326	137	248	325	620	134	78	30	220	272	24	104	112	73	136	241	105	892	97	130	468	261	130	56	7	140	505	445	8	54	79	31	6	54	193	367	71	59	56	437	17	42	489	700	357	2397	201	1691	4	250	697	704	790	4	3	865	1022	1520	788	296	953	214	137	687
"Fusobacterium"	4496	536	4	676	1259	2	80	46	142	15	331	65	17	100	28	725	8	427	90	800	743	101	249	274	7	38	429	332	744	432	1000	1630	254	227	24	62	60	4	1136	40	8	104	108	975	73	3	4384	956	66	19	45	481	22	31	0	774	0	47	177	21	15807	24239	302	5	3	3	793	423	1614	1104	3
"Gemella"	27	3	0	15	33	5	314	19	21	28	0	4	4	45	30	8	0	679	30	0	3	103	2	70	4	17	71	119	162	56	8	118	30	119	11	2	8	3	5	82	4	85	47	55	17	3	24	28	4	20	0	275	12	12	10	2	0	38	2	17	3	11	10	16	9	6	9	363	7	18	4
"Gemmiger"	48	1723	1430	665	18	692	10	532	112	646	1467	615	1424	47	887	6018	1634	346	305	6	998	1161	1528	881	20	437	2	1295	367	126	8	672	825	6	2293	85	1020	750	278	2559	109	192	1323	9	16	461	1366	964	1958	2715	2412	2040	1449	2503	6	7	630	2409	109	7	7	2	1863	1044	1182	1019	840	2526	467	301	1681
"Granulicatella"	2	3	0	2	12	0	30	0	2	5	0	0	0	7	6	5	0	37	9	0	0	7	0	8	0	3	8	51	7	7	0	5	2	11	0	0	0	2	0	18	0	8	0	8	0	0	0	6	1	2	0	14	5	10	0	2	0	4	0	6	3	4	0	2	0	0	6	29	2	2	0
"Haemophilus"	138	19	0	4	2	4	1	2	153	8	39	3	5	12	0	5	0	270	737	0	7	2	0	95	0	34	2	4	7	14	27	303	264	131	34	5	139	0	1	44	0	64	260	74	6	2	3	64	16	2	109	1217	42	2	5	11	0	23	7	12	2	3	490	10	0	5	83	88	0	6	8
"Helicobacter"	7	24	2	10	99	6	54	36	5	1	5	3	6	6	9	24	19	2	3	7	12	11	6	0	4	15	19	0	0	8	17	3	45	22	9	24	7	6	4	15	3	7	21	3	2	2	3	2	18	90	3	85	4	17	8	26	11	33	5	17	3	6	11	34	13	10	75	11	18	16	10
"Holdemanella"	123	663	0	116	7	1113	2	69	686	367	1414	4360	349	291	10	2	264	602	1262	2	51	327	76	341	695	126	60	0	11	5	15	8	625	67	13	2	539	80	27	0	12	303	335	3	77	242	3	154	285	923	0	210	1	1	6	2	166	10	356	398	156	56	1044	8	10	630	7	7	449	43	0
"Holdemania"	1	0	143	15	13	0	0	33	0	2	6	0	31	0	0	0	9	12	8	0	10	8	5	0	16	2	0	3	0	0	2	5	10	3	9	12	3	2	2	43	3	0	0	0	0	2	28	5	8	0	26	22	19	10	0	8	0	5	3	8	67	44	10	19	7	11	0	31	4	4	7
"Howardella"	26	71	1	154	3	25	0	114	0	42	0	0	106	69	20	0	520	43	2	0	0	0	20	7	395	35	0	0	1	4	31	30	36	95	0	61	0	34	0	0	48	0	0	1	2	29	87	3	22	119	91	0	0	0	0	0	44	0	4	0	0	0	7	0	81	0	37	409	0	48	0
"Hungatella"	35	48	31	232	58	51	22	6	3	58	95	29	79	2	62	104	28	51	20	5	165	35	17	6	18	38	31	73	71	23	38	150	23	19	171	377	219	63	212	110	39	23	20	11	8	2	46	22	56	142	58	12	18	452	38	14	12	139	42	10	74	57	30	74	256	6	193	124	144	113	15
"Hydrogenoanaerobacterium"	3	9	0	6	0	0	0	0	0	1	7	0	0	0	0	0	0	0	6	0	5	16	13	0	0	10	0	0	0	0	5	7	4	4	20	5	4	0	0	0	3	0	0	0	0	0	0	1	2	20	0	0	0	0	0	0	2	21	0	0	0	0	0	0	2	15	0	0	2	3	0
"Intestinibacter"	0	0	0	87	32	0	0	9	2	387	0	475	2	0	0	218	32	73	0	1911	2	2	1	2	0	2	23	1	10	4	0	0	331	0	5	2	0	7	0	8	5	5	4	7	0	1	6	2	5	12	1	4	64	1	17	46	0	4	0	15	0	3	3	7	2	14	0	99	6	172	4
"Intestinimonas"	16	335	84	116	102	36	3	169	0	77	38	2	77	111	910	39	281	13	51	0	79	57	396	3	84	35	5	620	1	0	5	202	141	18	51	111	293	4	1197	107	26	50	116	12	0	20	175	103	231	14	257	27	128	33	10	8	60	83	39	42	1134	83	29	10	31	123	83	408	61	32	4
"Lachnoanaerobaculum"	1	1	0	2	0	0	0	0	0	2	0	0	0	0	0	0	0	10	2	0	2	0	2	0	0	0	9	11	5	4	0	3	0	2	9	0	0	0	23	2	0	2	3	3	2	0	0	10	0	0	1	11	0	0	0	0	0	3	0	0	0	3	0	0	0	0	0	12	0	0	0
"Lachnospiracea_incertae_sedis"	1418	6538	6378	465	8057	425	17734	1722	0	3459	4932	1939	2251	159	380	2221	2956	970	5419	2008	2286	156	1218	179	1263	483	361	2051	4492	1232	2366	3425	0	1834	1393	310	956	1169	1591	4501	292	717	0	280	114	204	1000	2778	861	850	1212	1570	3205	2503	1765	2457	872	2046	3353	2149	3643	534	2520	1386	447	1339	956	1733	1143	1220	291
"Lactobacillus"	14	26	3	42	225	240	1631	43	14	94	15	18	102	68	637	2060	832	29	5	43	19	42	35	82	5	28	35	94	3	18	9	29	216	79	262	31	6	175	14	21	5	42	899	3	6	8	12	59	165	171	1	205	1	40	42	104	107	518	10	159	16	25	1743	73	27	54	124	19	26	36	13
"Lactococcus"	18	5	0	0	1	2	3	4	0	28	11	0	11	0	199	31	2	11	3	0	0	101	0	22	56	0	3	20	0	0	0	0	4	12	0	3	22	0	0	89	0	1	0	1	0	2	5	4	0	309	478	9	1	3	2	0	0	0	4	2	63	4	22	0	0	3	0	1127	3	2	0
"Lactonifactor"	1	0	0	0	0	0	0	0	0	2	1	0	0	0	0	3	255	0	0	0	2	0	1	0	0	2	4	2	0	0	0	2	0	3	2	4	0	0	1	0	0	0	0	0	0	0	0	0	0	13	0	0	0	19	0	14	0	0	0	0	5	0	0	0	0	0	0	17	0	0	3
"Leptotrichia"	17	9	0	0	0	0	0	0	2	1	1	0	0	5	3	0	0	12	14	0	2	0	0	0	0	3	0	63	7	4	0	9	3	18	0	0	4	0	0	8	0	7	116	2	0	0	0	13	0	0	16	334	1	0	0	0	0	0	2	0	1	2	0	0	0	0	3	7	0	0	0
"Leuconostoc"	0	5	0	0	1	0	0	0	0	21	0	2	0	0	0	0	0	9	0	1	0	0	3	30	0	11	0	2	0	0	0	0	0	0	0	0	15	0	0	0	0	0	0	0	0	0	3	4	8	0	1	2	0	52	0	0	0	0	7	11	0	3	72	0	3	0	0	21	0	0	0
"Megamonas"	0	0	2	0	17	3570	0	4	7	55	585	0	0	3	7	2	4	1	0	2	16	10	0	8	14	13	3	4	1	15227	87	9	5	12624	5	974	10	0	0	0	21	4	0	7039	10512	2	414	6182	3	1	5	0	2	6	15	17	650	0	3	10	0	6	2261	3	2	2	0	0	4707	0	7
"Megasphaera"	40	2346	22	9	24	19	7	35654	141	16	36	11	8049	15446	29	16	106	45	30	18	24	1465	23725	13033	7	362	31	1170	1080	2440	17	276	2500	45	10	142	33	5	107	11	4881	15590	9334	263	75	6918	15	4148	6186	19	10	1320	17	48	14	8	3446	10	31	34	25	34	5259	43	7	9	5	17	4142	26	24
"Methanobrevibacter"	174	4802	7	813	14	572	8	14	2	654	554	2	2567	3	732	5	7174	212	2	2	1772	1580	474	2	284	1743	2	3	0	13	116	584	3533	45	209	1057	1765	0	1241	0	25	6	47	0	2	4	69	58	165	4	4178	154	0	9	6	3	226	471	2666	0	1	5	0	5	548	0	2360	7	558	895	4
"Mitsuokella"	0	0	1	0	6	3	1	213	0	0	2	0	0	10011	1	2	116	0	9	1	4	0	0	3	0	6	0	0	0	2	0	0	134	0	0	0	5	0	0	0	4591	0	0	1	12	0	0	443	1059	1	0	0	0	0	2	2	2	0	0	2	1	2	0	0	0	0	0	0	246	0	2
"Mogibacterium"	3	134	0	55	9	24	4	2	0	4	74	0	8	145	244	4	0	346	195	0	0	24	6	73	45	0	2	30	3	4	6	6	7	13	102	4	87	0	58	5	22	222	54	0	0	49	0	2	0	0	247	163	3	1	7	0	0	96	141	0	0	0	0	152	20	0	74	435	44	0	0
"Mucispirillum"	0	7	0	4	53	11	38	25	0	1	0	2	1	4	2	13	0	0	0	2	9	9	0	0	3	9	13	0	1	0	0	0	18	10	3	16	2	2	2	15	0	1	14	0	0	3	0	0	14	64	0	40	1	3	3	17	3	13	0	10	0	4	5	16	18	5	33	9	5	9	8
"Neisseria"	3	2	0	3	0	0	0	0	0	4	1	0	0	2	0	0	0	14	1	0	2	0	0	0	0	3	4	16	13	66	22	52	0	9	0	0	29	0	0	4	0	24	15	316	11	0	0	10	2	0	27	78	2	0	0	0	0	0	5	0	3	0	0	0	0	0	13	6	0	0	0
"Odoribacter"	8554	1188	1220	248	261	320	161	127	7	302	3719	13	360	228	118	96	75	98	6471	16	184	343	735	101	199	1363	39	446	3	26	4971	5136	1493	932	1125	3624	164	219	316	396	83	89	181	24	23	141	503	484	218	565	190	478	15	374	37	95	299	1099	1275	525	11	29	239	125	320	688	602	83	635	316	1160
"Olsenella"	14	253	0	16	0	0	0	7	0	11	6	0	11	6	22	0	245	173	0	0	0	0	639	153	6	0	0	0	0	0	0	3	2	0	18	0	0	0	0	0	2	1	39	0	0	66	0	89	129	0	19	130	132	0	0	0	0	0	0	0	0	0	0	0	0	0	0	0	0	4	0
"Oribacterium"	12	16	0	22	8	0	15	0	8	8	1	7	10	2	3	1	2	14	15	0	7	41	15	7	14	7	4	12	14	8	45	18	9	16	3	2	0	0	107	33	3	7	0	0	5	0	3	11	3	0	7	32	4	2	7	0	2	3	39	5	18	15	3	6	6	0	11	51	0	2	0
"Oscillibacter"	1140	1378	1239	3941	178	861	42	3789	11	698	4566	1297	1239	1338	237	3132	1819	4131	2376	12	3583	2930	2575	664	1158	991	10	1251	1928	940	425	1155	714	1365	2790	3361	1817	400	2396	2139	531	1509	1050	13	56	231	1559	1382	1429	1956	1471	401	4644	601	339	129	1461	2187	3789	1816	2685	338	2379	342	1089	2268	1424	212	1512	796	658
"Oxalobacter"	0	5	0	7	0	2	0	0	0	0	4	0	18	0	4	5	5	0	1	0	0	0	1	0	0	0	0	0	0	0	0	0	2	2	2	6	1	0	2	0	3	1	4	0	0	1	1	1	3	0	2	0	0	0	0	0	0	3	0	0	0	0	0	0	3	0	9	3	2	0	0
"Parabacteroides"	3816	3179	1545	3168	1538	316	36	320	930	3563	5422	1985	1408	1343	4794	3747	346	391	3307	2537	1765	1026	2378	972	628	1856	4176	1843	1496	3783	3245	2460	3603	2904	1699	5520	3684	787	2836	1208	162	929	2071	2046	292	191	708	3840	1127	1811	1421	815	4950	648	813	2820	4924	2386	2487	1886	4124	5151	1824	259	458	1005	710	70	1181	1248	820
"Paraprevotella"	3	132	2217	232	15	192	2	203	6	1212	131	3	302	35	407	8	118	111	2281	3	4	98	54	81	6	365	2315	412	4	4	9	1420	237	10	227	724	640	900	64	8	42	37	30	8	187	761	3	84	180	3	105	4	2	1691	8	8	1678	107	112	3	1593	764	2972	254	1667	3	261	3	314	307	2930
"Parasutterella"	2	69	6	246	9	25	3	12	0	0	122	26	32	7	0	17132	2	11	10	4	68	17	226	29	3	18	0	0	0	3	7	398	0	81	45	2	4	6	0	6	5	17	42	3	5	0	86	170	3	3298	53	4	0	3767	5	2	5	38	12	0	2153	56	2	0	681	4304	0	4	24	23	2191
"Peptostreptococcus"	5	0	0	2	4	0	0	5	0	0	0	41	0	2	0	5	0	173	10	0	0	0	0	1	0	2	8	11	8	12	0	6	0	7	0	0	1	0	34	6	0	1	0	0	5	0	0	11	0	0	1	11	3	2	0	0	0	12	8	0	0	0	0	0	0	0	0	0	0	0	0
"Phascolarctobacterium"	10080	11760	10389	6295	13164	160	43	3964	7648	6720	2396	15808	80	11317	2650	1244	1468	4465	4985	70	1385	2735	6104	8	603	6041	8894	12277	20185	9265	431	3815	3910	4818	7268	9535	178	42	47	308	1816	10276	9390	1904	134	12804	10303	2370	876	6987	13849	2966	6063	64	58	5367	45	9003	7500	5089	5242	5354	4412	28101	182	110	2260	6708	8092	6688	33
"Porphyromonas"	0	0	0	3	0	0	0	0	0	0	0	0	61	0	0	0	0	14	118	0	0	56	0	18	0	0	0	1	1	0	6	2	0	0	2	5	0	0	83	5	0	0	1	0	0	1	0	0	0	0	2	5	7	0	0	0	0	47	13	0	0	0	0	0	0	0	0	0	0	0	0
"Prevotella"	37812	17308	437	1710	615	71248	140	339	52159	24223	6201	20001	4371	83535	91944	180	873	59528	29027	319	4957	361	14012	74466	1703	79677	160	528	67798	46999	9154	52335	15459	25832	2716	3614	22698	83828	2020	221	71706	74459	77003	72832	81044	114678	5899	20004	57058	33170	8200	12689	253	135	397	295	24840	2158	7721	444	732	1649	245	27651	26704	386	5773	2139	29684	8098	201
"Pseudobutyrivibrio"	99	0	0	136	0	55	0	0	0	0	0	0	0	339	18	0	0	49	0	0	10	0	73	0	58	108	0	0	0	0	0	0	35	0	337	0	85	0	0	0	81	307	73	0	0	0	0	38	79	0	0	0	0	0	0	0	5	150	0	0	0	0	0	0	0	0	0	0	174	27	0
"Pseudocitrobacter"	16	4	0	5	1	0	0	0	0	15	0	0	0	0	0	0	0	5	4	0	0	22	0	0	7	0	3	12	0	0	0	5	22	3	0	3	0	0	0	14	0	2	0	0	0	0	2	0	2	0	0	0	0	10	3	0	2	0	0	0	3	8	0	0	0	3	3	0	0	0	0
"Pseudoflavonifractor"	0	11	7	71	6	11	7	42	0	0	8	0	24	5	6	17	3	57	13	0	3	51	62	17	7	2	0	19	0	0	2	13	3	5	9	17	16	8	4	9	14	4	11	0	7	14	32	2	0	67	31	6	39	8	18	3	3	14	0	2	7	33	0	2	34	12	9	3	8	20	32
"Pseudomonas"	0	0	0	0	8	2	11	3	0	0	0	0	2	0	1	0	0	0	0	1	0	3	0	0	0	3	0	0	0	0	0	118	2	2	0	2	0	0	0	2	0	3	1	0	0	0	0	0	2	3	3	4	1	0	0	0	0	4	389	0	0	0	2	2	0	0	0	0	0	0	0
"Rikenella"	0	6	0	4	41	6	23	15	0	0	2	0	3	0	1	9	9	1	0	0	0	15	2	0	5	6	6	0	0	0	11	0	20	5	5	8	0	4	9	5	0	0	10	0	0	0	0	3	7	41	0	28	0	0	3	19	2	24	0	17	0	0	4	9	7	3	20	5	8	8	2
"Romboutsia"	52	0	49	18	253	25	211	305	2	0	0	0	29	9	17	7	1724	0	5	0	6	4	1	21	0	3	0	0	7	0	410	6	23	188	7	20	1	97	1	5	4	0	4	2	2	3	2	0	9	74	0	428	46	3	0	385	6	3	61	7	1	20	87	1506	64	3	0	2	92	0	0
"Roseburia"	4875	3567	11428	3261	807	2605	497	11391	7982	4915	1497	4884	1888	1712	672	1532	2051	5430	3062	11523	7066	430	9164	8940	19485	4909	4754	5098	10849	2138	536	8344	7280	4131	11366	5427	4722	5614	553	3032	1608	8939	12898	3489	2710	4137	10813	5660	7151	13028	2131	22231	14703	2632	10814	19886	6624	12494	1752	6675	6797	1634	12425	18746	21945	15262	7435	34020	2545	2831	16488
"Rothia"	10	4	0	14	5	7	18	4	2	18	6	4	0	7	13	4	2	31	12	2	2	3	5	16	12	7	0	18	6	14	0	3	36	22	0	0	46	0	0	18	0	11	15	3	2	1	0	5	15	0	0	20	4	14	9	0	0	0	0	5	1	0	42	1	0	7	0	46	0	0	0
"Ruminococcus"	1521	576	936	1895	2859	710	11	12508	8	805	1131	18	1279	23	37	2273	859	625	1090	8	1473	93	497	217	277	235	6	2332	177	356	2975	400	159	1774	1649	3504	667	271	50	2972	235	370	419	12	10	242	928	206	552	777	1570	2039	6460	2820	2771	18	952	3331	1601	4	426	7	951	4046	5106	20882	638	2965	957	1620	4757
"Ruminococcus2"	244	3683	1617	341	1300	760	1177	3111	847	487	1233	1170	3807	471	81	291	2919	596	642	9	289	2275	3748	852	4246	491	1023	951	115	32	323	194	690	1111	2244	2355	631	319	9	79	111	1110	1235	2154	984	1253	1077	165	287	3337	1436	7853	1596	23	1019	3315	366	2607	22	1986	2739	445	2312	2110	475	322	1244	5349	1212	210	73
"Saccharibacteria_genera_incertae_sedis"	36	80	5	35	173	4	22	86	8	26	4	9	62	33	37	57	18	117	6	26	14	89	21	27	31	11	84	198	32	25	40	42	22	44	12	31	0	0	61	126	0	4	22	63	10	11	2	36	13	17	19	211	18	20	9	48	4	27	63	7	45	78	0	7	5	10	9	240	33	9	8
"Selenomonas"	1	0	0	0	0	0	0	0	0	0	0	0	0	0	1	1	0	13	0	0	0	0	1	0	0	2	0	10	13	3	0	2	0	0	2	0	2	0	0	19	0	4	25	0	0	0	0	7	2	0	3	2	0	0	0	0	0	0	0	2	2	3	2	0	0	0	0	4	0	0	0
"Senegalimassilia"	53	0	30	87	0	66	0	436	0	16	243	128	94	137	54	0	255	68	159	0	0	0	0	31	34	0	0	17	0	0	0	2	40	0	51	0	220	0	0	0	2	116	27	13	51	49	0	124	167	0	2	0	0	0	0	0	0	0	0	2	0	0	3	2	15	0	0	0	0	15	0
"Slackia"	17	270	0	80	0	97	0	409	21	1	24	10	293	45	16	0	74	95	156	0	0	0	303	78	0	0	0	0	10	0	0	0	4	9	2	0	110	0	0	0	0	51	21	0	0	87	55	42	48	0	59	130	0	0	0	0	0	0	0	0	0	11	0	0	0	0	0	0	0	6	0
"Sporobacter"	1	11	0	5	0	5	0	13	0	7	14	0	14	0	0	0	10	0	6	0	6	5	4	2	9	3	0	2	0	0	0	13	12	7	2	7	9	0	4	0	0	0	0	0	0	0	6	1	3	7	10	0	25	25	0	0	12	2	4	0	0	0	4	1	12	0	6	9	4	0	5
"Staphylococcus"	0	0	0	0	74	13	14	9	2	0	1	2	13	7	4	26	5	2	4	20	3	11	2	0	0	3	3	0	0	0	0	5	5	8	5	0	0	6	4	19	0	18	3	0	0	19	18	5	4	14	6	14	12	3	3	6	0	10	2	2	2	4	8	12	17	2	14	14	4	6	10
"Stenotrophomonas"	135	347	54	154	2450	221	1317	746	58	15	70	52	163	182	143	478	318	113	85	110	322	200	74	56	95	413	297	14	24	211	45	43	1273	541	353	460	120	246	229	443	50	75	446	37	37	56	49	117	482	1978	55	2277	95	305	54	962	193	816	6	387	28	274	158	986	617	257	1534	354	554	357	337
"Stomatobaculum"	10	7	0	0	0	0	5	0	0	0	0	0	0	0	1	0	0	2	7	0	0	0	6	2	0	0	2	37	11	4	0	0	0	6	0	0	0	0	35	0	0	0	5	0	3	0	0	19	0	0	3	1	4	0	0	0	0	0	0	2	5	5	0	0	0	0	0	12	0	0	0
"Streptococcus"	4212	247	44	4925	459	370	25022	447	502	2522	72	2098	99	2316	3275	3964	78	5915	3310	150	158	2767	358	8304	80	1442	727	3672	2815	1534	682	990	2797	2519	1330	142	1820	61	57	3410	50	3905	1615	1458	882	187	463	1015	309	502	144	8741	638	3719	1940	253	45	1858	112	856	603	139	3128	165	133	1716	140	9064	80	3028	98
"Streptophyta"	2	0	0	6	0	0	0	0	0	1	2	0	0	0	10	0	0	2	0	2	0	0	2	2	9	24	0	1	13	5	0	0	0	0	4	89	3	0	17	0	0	2	10	48	0	0	0	2	1	0	1	5	0	11	0	0	0	13	0	0	0	2	2	19	0	0	0	0	0	0	0
"Subdoligranulum"	0	7	15	2	0	7	0	2	3	9	0	11	3	0	3	36	18	0	0	0	16	15	3	4	2	7	0	18	8	4	0	13	10	0	27	4	7	8	2	40	0	0	4	0	0	0	12	0	8	9	11	9	3	23	0	0	12	18	0	0	0	0	26	15	11	16	12	34	8	3	20
"Succiniclasticum"	0	0	0	0	0	0	0	16	0	0	0	0	1	2	0	0	0	0	0	0	0	5312	0	0	0	54	3	1	0	0	81	62	3608	16	0	0	0	361	0	5	0	0	0	2	0	0	0	4	0	0	2	1	0	0	2	4	2	4	0	0	0	0	0	0	3	2	2	0	0	0	2
"Succinivibrio"	4	18	11	9	66	19827	10	39	0	2	27	0	27964	3325	26	28	63	34	22	17	22	16	11	23911	21	39	1179	5	1	16	29	12	5	0	8	26	219	19	7	0	20626	5	4	16	364	21648	32	35	7	13	9	17	28	2	30	3	30	5	43	31	19	15	2	2	0	13	6	0	32713	13	26
"Sutterella"	4	176	10	207	73	1364	5	110	3009	433	351	6958	69	1470	6	3	10	1761	1028	10494	136	173	652	2888	136	1272	3923	2765	1275	5931	99	248	532	755	2274	358	129	6641	488	15	1226	3627	2367	7145	3993	4886	1570	537	1308	11	6	308	11	5	11	2039	467	1508	241	1843	2	1518	3360	11	11	18	206	54	1972	350	4
"Unclassified.Acidaminococcaceae.Family"	105	246	281	101	246	12	14	930	107	166	32	335	31	181	72	1427	41	74	75	13	52	613	128	33	43	2994	164	539	587	152	34	3004	470	152	192	176	15	16479	96	75	115	226	119	98	38	135	162	65	30	238	300	112	68	17	777	137	74	277	261	116	180	173	124	743	24	17	100	122	314	207	11
"Unclassified.Actinobacteria.Class"	3	4	4	31	105	7	51	38	2	2	14	21	7	8	6	14	128	31	1	8	0	0	33	4	10	0	0	13	1	6	4	5	32	15	40	5	2	4	1	80	5	24	20	2	2	5	11	18	25	4	9	22	25	6	4	0	0	0	0	0	1	3	30	0	10	43	2	0	5	4	18
"Unclassified.Actinobacteria.Phylum"	1	0	0	21	4	2	0	22	0	0	21	0	3	3	0	7	39	25	2	1	0	0	16	0	0	0	0	0	0	0	0	0	0	0	0	0	1	0	0	0	0	6	7	0	0	5	12	15	22	3	11	2	6	0	0	0	0	0	0	0	0	0	0	0	0	0	0	0	0	3	0
"Unclassified.Actinomycetales.Order"	5	2	1	0	13	0	11	4	2	8	1	3	0	4	5	5	7	14	6	3	0	0	1	8	12	0	0	24	6	3	0	0	21	20	4	0	9	3	8	15	0	3	2	1	3	0	0	3	10	2	0	9	1	12	0	0	0	0	0	0	2	2	6	4	3	0	0	16	0	0	0
"Unclassified.Alphaproteobacteria.Class"	1	623	0	0	2	3	1	0	0	0	22	0	0	0	0	0	4	0	0	0	7	0	0	0	11	128	18	0	0	0	0	457	0	0	0	2879	9	0	0	0	2	2	0	0	0	0	0	0	0	0	10	0	0	2	3	0	0	0	255	0	0	1747	0	0	0	0	47	0	0	0	0
"Unclassified.Bacillales.Order"	1	0	0	0	7	0	9	3	2	1	0	0	3	0	1	3	0	10	1	0	0	2	0	0	0	2	5	5	5	3	0	4	0	2	2	0	1	0	1	3	0	4	1	5	11	10	9	0	0	1	6	12	1	0	0	0	0	0	0	2	1	0	0	0	0	0	4	21	0	2	0
"Unclassified.Bacilli.Class"	52	14	4	80	51	25	289	22	12	53	6	68	28	26	72	108	27	66	28	12	11	76	8	92	29	29	24	122	63	36	19	54	95	67	54	8	33	22	4	113	6	86	46	45	34	17	60	36	19	46	22	146	25	81	46	24	14	72	9	39	27	10	149	22	9	36	23	226	5	59	11
"Unclassified.Bacteroidales.Order"	1468	2524	2889	759	1134	2161	166	574	1773	1576	851	2525	359	3592	7207	2107	434	1559	867	1967	798	1042	1219	2441	1177	2269	1710	2846	2534	2508	3227	4174	3629	1455	906	2733	2437	3120	10752	1754	2855	2143	1161	3932	3113	1209	1915	2854	3502	1163	15144	713	1300	1835	3069	1733	3816	824	1285	1751	3044	2579	1300	1466	2266	1612	1624	557	1744	593	2082
"Unclassified.Bacteroidetes.Phylum"	867	944	1266	419	856	1263	145	385	1098	1148	962	1528	238	4841	2080	592	288	656	857	851	520	566	650	913	665	1383	867	1443	1689	1581	1723	1753	1287	984	10527	1033	1237	1808	5288	968	2200	15087	18400	2543	2117	1293	986	2968	5477	759	2715	2184	550	895	903	923	2749	5052	661	883	1925	1333	702	942	1243	780	846	352	926	360	956
"Unclassified.Betaproteobacteria.Class"	24	782	7	27	15	184	9	33	74	32	8	288	381	26	611	191	9	22	11	95	37	18	62	722	23	56	104	104	46	177	3	403	85	35	97	1697	655	202	428	535	50	681	40	290	144	1668	41	310	323	27	45	7	41	42	8	82	407	63	186	48	41	47	89	6	19	50	30	7	313	15	55
"Unclassified.Bifidobacteriaceae.Family"	4	2	30	15	736	84	590	250	17	32	3	141	158	1	29	87	1156	10	1	87	4	3	222	26	70	0	2	102	7	17	2	52	223	119	242	38	4	23	19	388	35	299	169	1	2	7	25	18	31	21	31	163	135	3	4	4	6	3	0	2	1	9	245	0	97	490	3	25	11	27	80
"Unclassified.Burkholderiales.Order"	632	18	1	13	9	37	6	15	92	10	4	352	17	25	4	392	7	20	12	126	9	11	26	38	11	25	110	75	30	130	6	129	37	23	76	19	11	155	21	11	32	121	41	222	92	51	45	2007	42	28	95	8	1577	50	5	59	32	50	12	60	27	46	72	3	15	52	20	6	61	6	35
"Unclassified.Carnobacteriaceae.Family"	14	8	1	48	38	5	198	5	30	15	0	11	3	14	20	8	3	116	53	6	0	11	2	31	3	8	27	167	39	21	6	25	15	51	8	3	6	0	2	68	0	23	12	27	16	0	0	23	7	4	0	78	10	28	4	8	0	13	0	11	16	5	10	18	0	4	5	165	0	15	0
"Unclassified.Clostridia.Class"	60	240	89	799	131	299	43	195	31	375	429	58	608	117	22	71	841	91	106	21	461	160	263	83	527	78	27	105	54	40	72	80	209	192	217	160	726	49	123	159	103	76	47	45	41	15	128	121	202	53	359	194	208	239	27	50	287	147	180	97	93	45	55	180	299	70	369	220	204	348	93
"Unclassified.Clostridiaceae.1.Family"	19	4	3	38	12	13	0	0	0	126	0	0	114	2	0	13	166	4	69	3	7	558	1	32	11	0	0	0	1	3	0	17	9	43	0	0	16	56	10	31	0	6	41	3	2	1	2	0	1	1	1	25	4	1	2	79	14	2	15	2	27	59	35	224	2	9	38	0	5	8	6
"Unclassified.Clostridiales.Order"	5332	15022	6225	19328	3599	12741	1424	18714	1327	12817	27739	2676	22772	3832	1829	6204	18948	13075	9114	572	17851	20188	23898	5657	12337	3711	1378	5531	1873	2085	2617	5709	10061	6304	9855	4485	33837	1971	9837	12667	3541	2205	3267	2528	1559	1467	6073	5764	12260	3343	18248	3149	2886	4603	1947	3987	11568	9079	9318	3661	7004	1690	4130	8318	8505	4241	13985	10474	10818	13721	1899
"Unclassified.Clostridiales_Incertae.Sedis.XIII.Family"	1	4	0	46	0	0	0	0	0	0	2	0	0	11	12	0	3	12	11	0	4	0	1	2	3	0	0	0	0	0	0	0	0	3	16	4	3	2	8	0	3	30	8	0	0	4	0	0	0	0	13	17	0	0	0	0	8	19	7	0	2	0	0	13	2	0	2	19	2	0	0
"Unclassified.Coriobacteriaceae.Family"	109	171	15	425	78	79	5	489	0	102	167	2	139	57	59	26	583	553	108	10	0	0	692	202	11	0	0	0	1	0	0	0	5	66	55	48	22	0	0	0	0	150	161	0	16	75	54	89	137	167	220	36	26	7	0	0	0	0	0	0	3	3	0	0	37	4	0	3	0	68	0
"Unclassified.Deltaproteobacteria.Class"	1	29	0	43	2	0	0	0	0	20	13	0	4	3	2	0	0	18	10	0	68	5	5	1	4	95	0	1	2	3	0	38	56	4	0	6	61	0	1136	3	5	0	1	2	2	0	3	19	47	0	0	0	0	5	0	4	160	8	6	2	0	16	3	0	0	0	3	2	12	36	2
"Unclassified.Desulfovibrionaceae.Family"	8	123	0	63	0	0	0	29	0	0	98	0	7	46	93	39	6	51	167	0	51	51	51	0	26	29	7	20	0	0	0	59	92	4	39	24	6	0	155	61	25	10	9	9	10	5	1	55	93	4	15	1	2	2	0	12	65	54	3	0	0	101	39	0	0	0	22	24	78	18	0
"Unclassified.Desulfovibrionales.Order"	8	152	0	171	3	3	0	27	0	67	47	0	25	23	61	13	2	26	81	0	60	53	145	127	64	79	7	7	1	0	2	56	83	4	89	27	32	0	683	20	26	12	37	7	9	4	4	30	49	1	10	0	4	5	0	5	142	101	39	2	0	92	18	1	0	0	29	15	76	112	0
"Unclassified.Enterobacteriaceae.Family"	9384	9086	234	2365	1964	561	1871	469	679	9725	370	284	684	2640	364	3741	679	3316	3101	186	755	4308	314	3910	13378	1683	974	6024	381	303	70	4311	7356	7285	962	2971	934	250	1117	8611	221	2551	2052	713	467	276	11813	1561	4455	714	2341	5302	124	6153	484	2138	945	823	733	7376	2005	9272	419	806	494	1335	2050	3369	374	1143	291
"Unclassified.Enterococcaceae.Family"	5	6	0	2	27	0	24	15	0	6	3	0	14	2	1	6	6	8	0	6	6	4	0	5	38	3	5	0	0	5	0	30	13	23	4	5	1	2	1	33	0	2	4	0	0	0	0	6	4	23	13	29	1	8	0	36	2	6	0	12	0	5	56	17	5	5	21	2	5	2	3
"Unclassified.Erysipelotrichaceae.Family"	84	221	23	215	376	1083	114	1266	455	92	1495	1797	1010	1202	121	201	437	1274	139	85	33	103	72	580	100	21	0	0	151	325	4	153	269	337	241	102	1136	146	22	4	215	281	317	2	198	901	187	229	452	12	19	372	319	17	8	115	42	21	29	216	172	55	470	7	191	13	20	22	478	34	4
"Unclassified.Euryarchaeota.Phylum"	0	30	0	0	1	4	0	0	0	3	0	0	3	0	2	0	25	0	0	0	5	12	1	0	0	12	0	0	0	0	0	0	23	0	0	5	4	0	10	0	0	0	0	0	0	0	0	0	0	0	5	0	0	0	0	2	8	2	12	0	0	0	0	0	5	0	14	0	6	5	0
"Unclassified.Firmicutes.Phylum"	1789	4404	2141	8263	1638	2701	1223	5966	899	4278	10112	1391	12475	1070	690	2411	6103	1798	2378	402	11772	1807	2124	1257	4628	1227	839	1871	1451	1757	874	1818	4398	2636	3687	1506	11273	1119	2764	3203	1801	1818	1348	1641	1375	480	1793	2560	3540	1298	6693	4111	1089	1562	632	1451	3358	2373	2757	1210	1224	716	1304	2878	2442	1249	3425	4105	4139	4041	894
"Unclassified.Fusobacteriaceae.Family"	1787	67	15	129	321	12	12	25	21	223	42	32	8	11	17	61	36	18	64	60	180	49	4890	63	37	974	38	55	2048	6370	4148	394	820	1087	25	397	28	8	1897	15	44	27	16	16756	15510	18	538	14705	103	3685	7	38	13	30	58	126	13	7	55	48	3381	5121	77	21	8	19	214	80	263	252	18
"Unclassified.Fusobacteriales.Order"	1	0	0	0	5	0	0	2	0	8	0	2	0	0	0	0	0	0	2	0	3	0	3	0	0	3	2	2	6	12	11	6	6	3	0	0	0	0	3	0	0	0	0	40	27	0	1	30	0	0	0	4	0	0	0	5	0	0	0	0	20	29	0	0	0	0	2	3	2	0	0
"Unclassified.Gammaproteobacteria.Class"	757	361	101	334	207	245	160	60	72	1621	59	73	154	109	81	427	104	302	285	47	116	749	39	255	905	181	164	1144	78	96	33	563	1100	774	174	518	159	35	132	1216	280	377	160	180	155	171	324	159	401	121	87	262	33	611	105	166	211	141	161	229	209	1767	93	55	62	193	292	149	360	172	49
"Unclassified.Lachnospiraceae.Family"	14950	22252	20922	24323	51732	12085	54099	13005	14290	16049	14437	13160	7024	8831	10012	7364	8295	6807	16471	20590	32930	6430	12118	5097	16598	10194	14502	16161	16137	10351	8296	14367	9951	14587	22765	11710	21628	15229	19732	16898	6610	15185	12048	18620	9272	3957	21157	13912	11586	19341	18018	10365	19140	22698	12903	25757	11809	23984	14275	13379	17655	6171	8506	16292	25837	16427	21182	23322	8205	14421	10919
"Unclassified.Lactobacillaceae.Family"	0	0	0	6	64	6	20	0	0	2	0	2	6	11	25	75	55	0	0	0	0	10	0	3	0	0	0	0	0	0	0	2	6	15	16	0	0	10	0	0	0	1	42	0	3	0	0	6	5	4	0	1	0	2	2	3	7	38	6	48	2	0	103	2	0	2	2	2	2	0	0
"Unclassified.Lactobacillales.Order"	261	40	20	296	118	110	1459	68	69	267	12	333	48	114	327	620	164	282	129	23	33	288	32	418	80	113	111	462	273	178	80	139	353	296	268	32	146	53	23	444	16	269	247	174	107	24	75	144	60	115	52	649	42	364	227	111	39	340	17	130	87	49	689	61	29	195	91	947	33	234	25
"Unclassified.Leptotrichiaceae.Family"	47	0	0	2	0	0	0	0	17	2	0	0	0	13	0	0	0	9	50	0	13	0	0	0	0	0	0	44	0	0	0	0	5	0	5	0	0	0	0	9	8	8	20	0	0	0	0	1	1	0	5	8	0	0	0	2	0	55	0	0	7	0	0	0	0	0	0	14	0	0	0
"Unclassified.Methanobacteriaceae.Family"	0	20	0	0	0	2	0	0	0	0	0	0	5	0	3	0	20	0	0	0	11	8	1	0	0	4	0	0	0	0	0	4	15	0	0	7	5	0	11	0	0	1	0	0	0	0	0	0	0	0	11	0	0	2	0	0	2	2	11	0	0	0	0	0	2	0	8	0	0	5	0
"Unclassified.Neisseriaceae.Family"	3	0	0	2	0	0	0	0	0	1	0	0	0	2	0	0	0	9	0	0	2	0	0	0	0	0	2	10	4	23	9	23	0	2	0	0	13	0	0	3	0	12	4	137	6	0	0	6	0	0	6	29	0	0	0	3	0	0	2	0	1	0	2	0	0	0	4	4	0	0	0
"Unclassified.Oxalobacteraceae.Family"	18	43	0	41	0	11	0	2	0	0	47	0	118	25	21	44	62	33	30	0	18	12	30	0	31	15	0	0	0	11	3	5	18	13	23	49	21	0	19	0	19	25	23	0	10	10	7	18	37	0	29	0	0	0	0	0	31	28	8	0	0	12	0	0	28	0	76	3	15	12	0
"Unclassified.Pasteurellaceae.Family"	567	53	4	20	21	34	23	11	666	65	112	16	12	43	8	23	16	955	2433	9	21	18	4	298	20	107	21	51	40	79	119	1964	1028	532	187	28	559	7	6	209	15	259	1035	1064	36	7	10	252	75	20	402	5235	133	12	22	54	6	108	108	59	17	40	1968	28	5	44	341	405	10	50	57
"Unclassified.Peptostreptococcaceae.Family"	1	0	6	5	25	4	11	14	2	17	0	24	1	0	0	16	69	6	2	46	0	2	0	8	0	0	7	2	3	0	46	48	26	13	0	0	2	9	21	0	2	0	0	210	57	0	0	0	1	4	1	18	3	1	4	34	2	0	3	0	12	6	5	94	7	2	0	6	12	11	0
"Unclassified.Porphyromonadaceae.Family"	203	1153	627	189	203	1307	44	48	115	204	3732	347	72	114	702	158	39	98	157	141	515	128	222	142	1534	151	267	209	93	280	143	514	458	179	116	493	4339	55	31564	105	34	85	88	191	59	594	80	282	228	130	18203	91	87	75	132	244	460	158	186	199	845	1154	125	123	379	288	299	27	481	84	118
"Unclassified.Prevotellaceae.Family"	246	662	63	19	59	785	6	201	465	342	38	339	61	1329	620	11	27	942	106	30	862	140	1329	722	341	716	24	65	833	640	131	557	220	240	36	66	937	3883	1409	25	1092	719	509	1105	1154	596	153	283	913	210	3513	81	14	27	46	39	4341	60	140	31	113	223	27	665	473	46	1718	247	444	81	31
"Unclassified.Proteobacteria.Phylum"	326	398	52	202	204	265	118	101	104	632	93	354	3626	120	113	441	92	173	120	124	195	346	90	215	356	281	188	573	79	206	32	375	599	373	173	740	452	158	1135	492	306	286	120	360	200	195	189	231	312	173	94	255	334	285	67	179	341	176	130	160	122	685	155	79	95	171	300	88	430	152	85
"Unclassified.Pseudomonadaceae.Family"	0	2	0	0	17	7	15	8	2	0	1	0	13	3	1	6	5	1	2	0	3	7	0	0	0	3	0	0	0	7	3	23	2	4	6	0	0	2	0	3	0	4	3	1	0	1	0	0	0	13	13	5	5	0	0	4	0	10	49	2	0	3	0	3	8	3	2	0	3	2	3
"Unclassified.Rikenellaceae.Family"	10	4	33	5	10	3	2	16	0	5	12	2	2	13	15	49	0	22	3	0	2	14	12	20	10	10	12	44	0	0	129	16	49	24	9	24	3	6	20	21	5	0	1	2	6	0	20	3	11	24	27	10	7	16	12	5	18	13	33	16	3	2	24	0	7	12	30	6	10	5	13
"Unclassified.Ruminococcaceae.Family"	8879	22255	10202	25012	13098	10495	227	17752	576	10189	16345	1346	47921	2726	2861	6304	26986	8867	14013	187	15747	25709	11751	3653	18837	9736	432	3118	1679	1303	1795	14734	11322	6109	9586	9604	35468	2814	9178	10501	2655	2214	2512	2048	972	1311	10251	9411	20524	7257	28842	4890	18050	8646	2180	1342	12565	10975	11956	1781	8109	4444	4168	15741	11922	9527	14556	8011	23575	9536	9069
"Unclassified.Selenomonadales.Order"	68	125	105	43	110	21	6	97	87	93	21	213	21	132	19	52	11	53	25	14	31	103	61	31	24	110	124	187	233	162	30	110	118	125	88	93	13	191	68	48	82	143	73	105	68	58	81	78	34	150	109	134	38	22	28	91	77	118	103	58	85	72	78	296	21	25	70	76	133	89	16
"Unclassified.Streptococcaceae.Family"	22	0	2	88	5	0	111	5	6	49	0	20	0	3	19	22	2	16	10	0	3	24	0	46	0	11	6	30	21	9	10	10	27	18	9	0	8	0	0	35	0	37	5	25	13	0	4	6	1	9	5	47	4	35	14	0	0	13	5	8	7	2	26	2	2	14	3	81	0	78	0
"Unclassified.Succinivibrionaceae.Family"	0	0	0	0	2	99	0	4	0	0	0	0	59	5	2	3	3	1	1	2	5	0	1	83	2	0	12	1	0	0	0	1	0	0	0	3	4	0	0	3	127	0	0	0	9	50	3	2	0	0	1	0	1	0	0	0	2	0	0	2	0	0	0	0	0	2	0	0	222	2	0
"Unclassified.Sutterellaceae.Family"	0	0	0	0	0	3	0	0	6	1	0	31	0	0	0	12	0	1	1	8	2	0	0	4	0	4	13	9	2	16	0	1	3	4	11	0	0	22	1	0	6	5	2	23	9	4	3	8	0	1	0	0	0	2	0	16	6	2	3	13	3	11	11	0	0	3	0	0	7	2	0
"Unclassified.Veillonellaceae.Family"	101	130	45	46	80	603	58	2048	514	122	32	157	366	913	65	611	47	574	109	330	237	180	557	912	251	266	392	444	278	1419	133	461	534	1015	281	87	232	113	584	843	1106	1400	659	1213	1417	174	46	1543	796	328	263	2914	37	253	176	88	801	327	47	283	180	150	706	102	214	185	582	312	591	100	266
"Unclassified.Verrucomicrobia.Phylum"	1	0	0	3	13	0	0	0	0	0	5	3	0	0	31	68	0	0	0	1	2	8	3	1	0	0	7	14	27	0	0	6	4	6	3	4	0	0	61	72	2	0	1	6	5	0	0	1	0	0	0	0	0	17	0	6	6	2	0	0	20	3	2	0	0	0	2	14	0	2	6
"Unclassified.Verrucomicrobiaceae.Family"	0	1	3	8	15	0	3	0	0	3	12	0	1	0	55	102	0	0	1	1	2	8	2	0	0	2	11	20	45	3	3	6	3	10	12	7	1	2	69	69	4	2	0	11	0	0	2	4	3	2	0	3	3	25	0	2	2	5	2	0	27	6	4	4	7	2	4	14	0	4	15
"Unclassified.Xanthomonadaceae.Family"	9	22	2	6	132	14	68	41	8	3	3	7	10	8	6	28	18	4	5	4	16	9	3	3	5	19	18	1	1	14	3	7	70	27	20	22	8	14	16	26	2	8	30	5	11	1	5	11	29	97	6	120	1	9	5	63	13	40	0	26	3	12	4	67	40	9	92	22	37	11	11
"Veillonella"	1712	345	29	751	44	75	876	115	6639	1066	148	800	25	1554	750	7507	33	6959	3107	6719	550	237	343	839	1152	3579	4823	3518	2497	2358	1282	6817	5289	2556	2323	181	3031	77	58	5392	26	7024	4445	1233	1736	35	37	9683	1467	16	3917	53252	532	2236	474	110	50	2845	386	3178	555	632	4695	909	57	191	2355	4280	33	963	160
"Victivallis"	875	97	0	251	0	8	1	2	0	1	367	0	48	309	0	88	4	1	353	0	240	78	7	0	0	42	6	0	0	0	186	42	36	188	28	0	262	0	372	0	30	4	8	0	3	5	107	36	53	13	51	0	1	0	3	0	178	28	499	0	0	90	2	0	0	0	13	0	241	5	0
"Weissella"	0	0	0	0	1	0	0	10	4	0	1	0	8	0	1	440	307	1	38	2	0	0	0	580	0	0	0	0	0	0	0	0	11	0	2	0	0	0	0	0	2	0	0	3	0	0	0	0	0	0	0	0	0	2	0	0	0	0	0	0	0	0	1959	23	2	43	0	0	0	0	0
