"BulkRAG1"	"BulkRAG2"	"BulkRAG3"	"BulkTP1"	"BulkTP2"	"BulkTP3"	"RAG1"	"RAG10"	"RAG12"	"RAG2"	"RAG3"	"RAG4"	"RAG5"	"RAG6"	"RAG7"	"RAG8"	"RTP1"	"RTP10"	"RTP11"	"RTP12"	"RTP2"	"RTP3"	"RTP4"	"RTP5"	"RTP6"	"RTP7"	"RTP9"
"Achromobacter"	0	3	0	0	4	0	0	3	2	30	0	7	0	126	0	91	0	0	0	0	48	0	13	13	2	0	0
"Acidipila"	36	48	30	12	10	5	58	46	42	63	77	50	40	6	68	14	14	8	9	6	9	11	10	9	16	13	4
"Acidisphaera"	0	7	3	0	0	0	7	8	7	2	4	7	3	0	10	1	0	0	2	0	0	0	0	0	0	0	0
"Aciditerrimonas"	79	112	67	38	60	50	180	166	93	162	148	163	122	26	168	60	55	59	61	43	46	64	52	75	67	51	47
"Acidobacterium"	2	3	4	0	0	0	2	0	0	0	2	2	2	0	0	1	0	0	0	0	0	0	0	0	0	0	0
"Acidothermus"	4	5	4	0	0	0	5	6	3	4	12	2	4	0	6	6	1	2	2	2	0	1	0	0	0	0	4
"Acinetobacter"	0	0	0	2	4	0	0	0	0	0	20	7	0	0	0	0	1	4	0	0	2	1	5	2	0	2	2
"Acrocarpospora"	0	3	0	3	5	5	0	0	2	0	0	0	0	0	1	0	5	5	4	10	6	4	5	5	2	3	2
"Actinoallomurus"	87	128	103	66	60	41	161	132	101	103	155	150	142	23	137	62	62	69	71	48	64	71	61	59	72	57	83
"Actinocatenispora"	0	0	0	2	3	4	0	0	0	0	0	0	0	0	0	0	3	2	3	0	7	0	0	1	6	5	1
"Actinocorallia"	24	12	2	3	2	6	12	3	4	9	16	3	11	2	5	4	9	3	7	2	2	15	15	6	7	5	6
"Actinomadura"	9	23	6	10	7	16	28	22	22	15	20	13	42	4	21	3	12	11	9	14	11	30	8	21	18	15	19
"Actinomycetospora"	26	70	48	2	0	0	59	38	39	28	41	33	19	12	33	14	0	1	1	0	0	0	0	1	1	1	2
"Actinopolymorpha"	0	0	0	12	9	10	0	0	0	0	0	0	0	0	0	0	12	19	15	14	11	17	15	14	12	13	10
"Actinospica"	9	6	11	6	7	5	8	10	14	5	8	9	14	0	10	7	5	4	10	7	5	4	5	5	4	3	5
"Adhaeribacter"	3	3	5	7	12	9	0	0	2	0	2	0	2	0	0	0	16	16	15	7	13	14	12	14	14	7	16
"Aeromicrobium"	18	13	6	21	29	11	5	2	0	0	3	4	0	0	0	0	24	64	39	41	34	32	29	46	45	50	37
"Afipia"	0	0	0	2	3	0	0	0	0	0	0	0	0	0	0	1	1	0	0	0	0	2	2	1	4	0	0
"Aggregicoccus"	6	13	8	8	9	7	10	17	20	31	20	23	9	2	18	5	12	6	6	4	8	12	5	8	14	9	9
"Agromyces"	0	0	0	4	3	4	0	0	0	0	0	0	0	0	0	0	2	7	5	5	4	7	4	2	2	7	5
"Alicyclobacillus"	12	35	19	10	12	13	43	34	30	22	36	27	41	5	42	15	7	10	11	3	12	9	6	4	13	10	6
"Allobacillus"	5	12	7	2	3	3	4	2	7	5	4	6	5	1	6	3	0	2	2	0	0	0	4	3	0	0	0
"Allocatelliglobosispora"	0	0	0	4	2	5	0	0	0	0	0	0	0	0	0	0	0	3	0	4	2	0	3	2	0	0	2
"Alsobacter"	51	84	48	10	5	2	103	115	67	59	113	89	77	18	61	42	2	11	5	10	10	8	2	8	5	4	19
"Altererythrobacter"	0	2	2	0	0	0	5	4	5	0	33	8	0	0	19	1	3	2	14	4	0	0	3	2	0	4	6
"Aminobacter"	0	0	0	0	3	2	0	0	0	0	0	0	0	0	0	0	1	0	0	3	2	0	0	6	3	0	1
"Ammoniphilus"	22	45	21	12	10	8	40	34	23	25	22	26	34	6	49	20	6	15	7	9	14	5	10	9	11	7	8
"Amycolatopsis"	21	65	27	0	0	2	38	36	25	33	26	24	22	9	41	16	1	2	2	0	2	2	2	0	3	0	4
"Anaerobacter"	29	28	18	34	42	19	22	22	16	14	38	30	20	5	23	4	42	41	30	37	17	31	29	20	50	32	43
"Anaerobacterium"	2	6	3	31	16	7	4	3	4	4	2	4	6	1	5	2	13	22	12	20	21	22	13	11	7	17	25
"Anaeromyxobacter"	176	295	178	108	86	47	247	299	193	255	214	244	187	41	322	82	74	100	84	62	80	70	57	76	54	58	110
"Anaerospora"	0	7	3	6	0	3	6	2	6	5	7	6	3	1	6	1	6	4	3	0	5	1	0	3	0	4	4
"Anaerovorax"	0	0	0	4	5	3	0	0	0	0	0	0	0	0	0	0	2	3	3	4	4	4	5	3	2	7	2
"Aneurinibacillus"	5	5	2	21	17	8	2	2	4	0	4	4	3	1	5	0	16	15	15	19	11	10	9	18	19	12	13
"Angustibacter"	8	27	20	5	3	3	16	11	13	9	11	12	7	2	15	2	4	5	2	5	2	4	8	9	6	3	6
"Anoxybacillus"	0	0	0	18	12	5	0	0	0	0	0	0	0	0	0	0	16	16	10	5	8	8	6	11	9	7	3
"Aquabacterium"	0	0	2	0	0	0	4	3	20	0	2	0	0	0	0	0	2	0	0	2	0	2	0	0	0	0	0
"Aquicella"	40	58	27	230	212	221	86	72	138	101	137	110	105	19	178	52	264	274	286	208	273	291	236	282	325	244	257
"Aquihabitans"	43	56	53	194	197	208	87	111	70	83	61	84	58	21	79	29	213	228	257	176	239	281	237	237	220	224	217
"Aquisphaera"	229	261	179	167	132	136	232	252	157	167	268	243	218	40	317	100	171	197	154	139	180	154	149	201	183	153	181
"Arenimonas"	0	0	0	189	220	188	0	0	0	0	0	3	0	0	2	1	77	60	65	55	103	176	78	86	123	118	85
"Aridibacter"	74	218	107	32	22	34	459	349	285	236	342	337	251	51	184	90	30	46	63	46	43	31	33	66	49	41	64
"Armatimonadetes_gp5"	2	9	4	0	0	0	56	39	32	30	35	42	34	11	32	13	8	11	7	8	13	11	13	24	19	12	7
"Armatimonas.Armatimonadetes_gp1"	0	5	0	0	0	0	5	21	17	2	3	3	2	1	2	0	0	1	0	0	0	0	2	0	0	0	0
"Arthrobacter"	91	257	85	52	63	29	116	102	52	56	85	68	62	60	65	41	129	86	103	82	64	182	94	84	98	162	127
"Asanoa"	2	0	0	2	3	7	2	0	2	0	0	2	0	0	0	0	2	4	4	5	4	0	4	3	3	1	3
"Aspromonas"	0	0	0	0	0	0	0	0	0	0	0	3	0	0	0	0	0	5	11	3	1	4	5	3	0	3	8
"Asticcacaulis"	3	2	2	7	7	0	18	64	4	41	18	16	8	16	10	12	11	19	18	19	22	14	11	11	36	25	30
"Azohydromonas"	5	5	3	0	0	0	12	15	7	16	9	3	0	3	4	3	0	0	0	2	0	0	2	0	0	0	0
"Azonexus"	0	2	0	0	0	0	1	0	0	2	0	2	2	0	0	0	0	5	0	0	3	1	0	0	0	0	0
"Azospirillum"	7	15	7	0	0	0	6	9	4	17	5	9	5	8	13	5	0	10	11	18	1	3	2	135	7	4	14
"BRC1_genera_incertae_sedis"	0	4	2	15	12	6	12	13	6	6	7	14	12	2	3	4	18	20	19	12	24	11	7	17	12	9	10
"Bacillariophyta"	10	24	17	0	2	0	46	50	131	30	66	49	20	12	45	16	3	6	5	3	0	1	3	2	3	0	0
"Bacillus"	216	703	285	342	470	204	743	604	603	706	662	626	474	96	872	128	454	589	471	254	647	460	307	425	386	386	377
"Bacteriovorax"	2	0	0	0	0	0	0	0	0	0	3	2	0	0	2	0	2	3	5	3	0	0	0	2	5	2	8
"Bauldia"	5	14	6	34	45	40	14	13	13	14	17	10	6	1	16	6	38	27	39	29	36	37	26	32	37	39	31
"Bdellovibrio"	44	56	48	9	10	12	186	130	91	127	197	180	166	90	93	100	33	44	42	23	18	38	22	106	48	41	50
"Beijerinckia"	8	9	0	0	2	0	13	16	7	6	7	5	6	0	5	3	0	0	0	2	0	0	0	0	0	0	3
"Belnapia"	16	23	16	0	0	0	14	18	10	7	6	8	6	2	11	4	0	0	0	0	0	0	0	0	0	0	0
"Blastocatella"	26	47	13	2	4	2	97	67	69	64	97	101	37	26	48	24	1	11	11	5	8	6	6	8	6	13	5
"Blastochloris"	3	4	3	0	0	2	3	3	7	2	4	4	7	0	2	0	0	0	2	0	0	2	0	0	2	2	1
"Blastococcus"	107	175	106	2	0	6	143	98	87	87	124	112	77	17	108	58	5	6	6	2	2	3	3	4	2	2	6
"Blastopirellula"	0	0	0	4	4	0	0	0	0	2	0	0	0	0	0	0	3	6	4	0	2	1	5	4	4	2	4
"Bosea"	2	6	2	4	7	4	7	11	17	16	26	18	10	36	6	22	13	54	23	30	20	19	17	52	18	16	44
"Bradyrhizobium"	67	118	58	129	144	160	199	247	122	135	198	174	167	27	197	37	144	185	174	114	155	136	104	169	151	150	177
"Brevibacillus"	78	106	71	58	51	26	99	106	113	72	78	82	64	15	101	35	49	73	57	44	39	58	47	65	59	45	74
"Brevundimonas"	3	2	8	0	0	0	2	2	20	0	12	3	0	2	2	1	0	0	0	0	0	0	0	0	0	0	0
"Bryocella"	2	5	0	0	0	0	9	7	6	3	6	7	7	2	7	2	0	0	0	0	0	0	0	0	0	0	0
"Burkholderia"	32	70	32	4	16	5	127	194	66	92	196	127	116	22	118	58	14	23	31	10	10	9	15	12	21	17	22
"Byssovorax"	0	7	6	11	12	8	10	16	8	12	12	6	7	1	10	6	9	21	13	8	11	11	4	9	10	7	16
"Caldilinea"	0	0	0	2	0	0	4	2	4	4	6	2	7	1	3	1	0	3	1	0	2	0	0	0	1	1	1
"Candidatus.Koribacter"	1230	1619	1048	569	720	455	2216	2048	1933	1914	2172	2215	1716	353	2395	778	477	571	483	389	538	568	489	520	503	561	587
"Candidatus.Solibacter"	897	910	583	595	586	402	1524	1526	1112	1366	1540	1354	1159	255	1448	530	393	545	436	324	520	433	440	463	535	539	503
"Catellatospora"	3	6	5	10	2	3	6	8	10	0	7	9	5	0	4	1	8	8	6	4	7	6	5	8	9	7	6
"Catelliglobosispora"	3	0	0	14	13	5	0	0	0	0	0	0	0	0	0	1	16	8	12	10	12	15	9	13	17	16	12
"Catenulispora"	68	123	60	10	14	6	106	97	82	64	97	103	77	22	120	55	11	6	10	11	9	17	6	10	10	10	14
"Caulobacter"	3	3	2	3	0	3	7	15	3	4	14	15	6	14	0	10	9	19	15	14	10	9	8	8	40	10	18
"Cellulomonas"	9	9	3	0	0	0	3	0	3	3	7	2	5	0	3	1	0	0	0	0	0	0	0	0	0	0	0
"Cellulosibacter"	0	0	0	7	3	0	0	0	0	0	0	0	0	0	0	0	2	2	3	3	4	0	0	2	0	0	4
"Cellulosilyticum"	0	0	0	2	2	0	0	0	0	0	0	0	0	0	0	0	1	3	4	0	1	1	2	1	1	0	0
"Cellvibrio"	0	3	2	18	25	6	0	0	0	0	0	0	0	42	1	32	13	26	5	9	6	0	7	0	4	1	5
"Chitinophaga"	11	11	8	5	3	3	35	50	29	38	54	47	88	316	14	226	7	34	2	10	16	7	12	33	80	3	4
"Chlorophyta"	4	16	10	0	0	0	14	10	33	15	13	13	13	2	15	1	0	0	0	0	0	0	0	0	0	0	0
"Chryseobacterium"	2	3	0	0	3	0	2	2	0	5060	5	1079	0	181	0	136	0	15	0	5	0	1	0	1	26	0	4
"Chryseolinea"	3	8	10	4	4	6	20	56	52	61	46	43	36	15	28	12	1	4	8	4	4	3	5	4	10	10	7
"Chthonomonas.Armatimonadetes_gp3"	5	9	5	2	0	0	13	63	84	18	12	18	9	2	16	1	0	2	0	0	0	0	0	1	0	0	0
"Chungangia"	8	7	0	7	3	7	7	10	4	12	9	9	3	0	7	0	10	12	7	3	13	10	11	6	13	11	4
"Clostridium.III"	0	8	0	11	22	12	2	2	0	0	3	0	0	0	1	0	19	27	23	14	22	8	15	26	12	13	34
"Clostridium.XlVa"	8	6	6	15	13	20	6	5	0	3	10	5	2	0	5	0	18	20	19	18	23	13	11	18	14	17	19
"Clostridium.sensu.stricto"	42	75	46	187	102	62	78	63	65	63	77	71	59	13	107	33	80	121	108	82	67	72	65	107	109	83	136
"Cnuella"	0	3	0	0	2	0	2	2	0	2	0	4	0	2	2	0	0	0	0	0	0	0	0	0	0	0	0
"Cohnella"	120	164	82	45	67	32	125	123	120	103	124	115	102	28	187	45	53	78	73	64	63	73	61	80	63	70	85
"Compostibacillus"	17	17	19	0	0	3	31	16	23	18	18	21	16	4	11	9	4	1	3	2	3	0	5	3	4	0	2
"Conexibacter"	198	383	176	96	108	93	375	450	332	314	403	347	352	50	442	171	142	129	130	109	150	165	107	133	150	112	124
"Coxiella"	0	2	2	17	12	6	0	3	7	3	3	0	2	0	5	0	12	14	14	13	9	13	11	18	17	17	18
"Croceicoccus"	0	2	0	0	0	0	3	4	0	0	2	3	0	0	0	2	1	0	0	0	0	0	0	1	3	1	2
"Cupriavidus"	0	10	0	18	24	9	7	12	0	72	6	30	6	42	3	40	23	54	30	41	35	27	33	97	27	27	36
"Dactylosporangium"	39	32	21	11	15	7	27	28	43	27	22	26	29	5	36	17	12	20	7	10	25	10	11	24	12	8	4
"Deinobacterium"	0	0	0	0	0	0	0	0	0	0	0	0	0	2	0	1	1	4	0	3	0	0	2	0	0	1	2
"Deinococcus"	3	7	8	4	0	0	16	41	5	4	13	14	2	44	3	26	16	47	33	22	5	10	15	17	14	6	59
"Desulfitobacterium"	0	0	0	8	9	2	0	0	2	0	0	2	0	0	0	0	6	3	5	4	0	4	2	5	7	6	6
"Desulfosporomusa"	0	0	0	0	0	0	0	0	0	0	0	0	0	0	0	0	4	1	0	2	2	1	2	2	0	1	0
"Devosia"	28	33	22	0	4	3	41	47	14	26	43	32	19	7	10	16	9	23	19	11	13	10	8	22	24	14	15
"Dokdonella"	0	4	2	7	4	8	8	11	11	13	16	10	14	8	5	7	16	10	11	9	12	22	20	16	60	20	16
"Domibacillus"	0	0	0	17	7	8	0	0	0	0	0	0	0	0	0	0	8	9	8	10	10	6	7	10	10	5	7
"Dongia"	9	13	8	2	4	3	41	44	61	45	59	56	91	12	28	19	1	6	0	0	3	0	0	2	2	2	0
"Duganella"	0	0	0	0	0	0	0	0	0	0	0	3	0	0	1	1	3	5	3	3	2	0	0	0	0	0	2
"Dyadobacter"	20	23	16	0	0	0	21	13	11	134	48	58	9	357	3	229	9	28	23	27	11	4	10	10	37	5	43
"Dyella"	4	2	0	8	6	2	7	16	6	8	15	12	5	5	7	3	8	6	7	6	4	14	9	4	14	11	7
"Edaphobacter"	46	25	20	6	6	2	37	36	12	38	45	34	29	3	14	13	11	8	11	6	3	9	5	13	11	6	12
"Effusibacillus"	0	0	0	9	2	3	0	0	0	0	0	0	0	0	0	0	7	9	7	7	7	6	6	6	13	9	6
"Ensifer"	0	3	0	2	3	3	0	0	0	0	0	0	3	0	3	0	0	4	3	2	6	3	0	3	3	1	2
"Erythromicrobium"	3	0	2	0	0	2	7	7	4	2	7	2	2	0	2	0	13	6	3	3	4	10	6	2	6	8	5
"Falsibacillus"	57	61	54	23	14	8	74	70	68	67	85	73	58	12	86	23	16	25	18	16	24	24	18	17	19	20	19
"Falsochrobactrum"	0	0	0	0	0	0	3	4	3	3	0	2	0	129	0	93	0	0	1	0	0	0	0	0	1	0	0
"Fervidicella"	0	0	0	10	5	4	0	0	0	0	0	0	0	0	0	0	4	4	6	4	1	2	5	6	3	4	4
"Fictibacillus"	2	2	2	133	142	70	3	2	0	7	0	2	3	0	3	2	145	171	138	114	153	170	127	153	164	138	184
"Filibacter"	16	24	18	0	0	0	30	29	28	24	28	34	18	4	43	10	0	0	1	0	0	0	0	0	0	2	0
"Filimonas"	0	3	0	0	0	0	3	8	0	14	13	10	0	2	0	3	0	0	0	0	0	0	0	0	0	0	0
"Filomicrobium"	0	0	0	0	0	0	0	2	0	0	0	0	0	0	0	0	4	3	3	0	3	0	4	2	4	1	4
"Fimbriimonas"	3	5	5	0	0	0	21	14	16	18	19	21	16	18	20	18	3	14	10	6	3	1	8	3	12	7	9
"Flavihumibacter"	0	0	0	10	6	14	0	0	0	0	0	0	0	1	0	0	19	5	18	9	8	14	19	12	5	9	15
"Flavisolibacter"	164	311	179	19	22	9	567	567	395	313	387	430	390	105	364	145	61	81	81	70	39	127	55	91	70	87	116
"Flavitalea"	10	20	11	4	5	0	25	27	43	15	19	25	28	22	4	27	6	9	7	9	15	8	5	33	12	2	11
"Flavobacterium"	13	12	10	61	61	167	0	0	0	7	0	0	0	31	0	24	93	108	114	73	72	105	87	70	69	65	76
"Fluviicola"	0	0	0	0	2	0	2	2	4	0	5	8	2	8	2	4	3	0	2	0	3	2	3	6	14	12	1
"Fontibacillus"	40	44	31	15	2	8	36	35	46	35	43	41	34	15	54	15	12	17	11	11	20	4	19	4	10	12	6
"Fonticella"	0	0	0	0	0	3	0	0	0	0	4	0	0	0	0	0	0	1	1	3	0	2	2	0	3	1	5
"Frateuria"	0	3	0	0	0	0	7	6	3	0	11	5	0	0	0	0	0	3	2	2	2	4	2	1	0	0	3
"Fulvimonas"	0	3	0	0	0	0	3	0	4	0	0	0	0	1	1	0	0	1	0	0	0	0	0	3	2	0	0
"Gaiella"	3433	5062	3325	15784	15519	15911	7015	7448	5039	6240	6698	7504	6312	939	8151	2816	18330	17146	18294	12990	18407	17444	14087	16545	16351	16114	16871
"Geminicoccus"	4	14	4	47	64	63	13	16	28	11	10	5	5	0	6	3	103	68	84	51	93	93	79	85	70	74	72
"Gemmata"	83	134	71	178	184	150	252	216	152	229	266	232	228	47	222	75	183	204	166	112	195	137	172	176	181	191	181
"Gemmatimonas"	631	1101	580	444	343	325	1899	1551	1048	1402	1428	1464	1259	268	1438	587	426	492	438	321	443	515	385	464	541	558	493
"Geobacter"	34	12	6	27	33	18	6	8	8	11	7	8	9	1	12	0	8	28	21	18	25	15	12	8	9	16	34
"Geodermatophilus"	48	126	37	2	0	3	85	77	40	53	72	54	52	5	67	24	0	3	0	0	2	0	0	1	2	1	0
"Georgenia"	2	8	0	0	0	0	6	10	3	3	6	3	4	0	6	3	0	0	0	0	2	0	0	0	0	0	0
"Geothermomicrobium"	0	0	0	16	22	11	2	0	0	0	0	0	0	0	0	0	12	13	12	13	10	14	10	17	13	16	13
"Gimesia"	2	2	0	17	24	12	0	5	3	5	3	3	6	0	2	0	18	18	14	11	22	28	19	15	15	12	18
"Gp1"	2180	3611	1946	546	467	386	4237	3656	3559	4085	4108	3796	3570	655	5010	1371	385	415	364	300	383	382	319	378	434	422	488
"Gp10"	33	39	43	15	11	7	140	98	65	47	81	98	69	13	44	31	10	10	4	4	10	5	2	8	9	6	10
"Gp11"	0	0	0	83	63	38	0	0	0	0	0	0	0	0	5	0	28	40	32	22	32	18	18	26	22	31	34
"Gp13"	20	35	18	9	7	11	36	37	42	36	37	36	32	4	50	14	1	10	3	9	9	10	4	6	10	6	9
"Gp15"	0	12	4	4	7	5	9	7	5	9	4	8	3	1	8	0	3	3	6	2	5	1	5	3	1	1	3
"Gp16"	149	213	128	1256	1229	1345	385	390	241	341	388	355	330	62	379	157	2037	1839	1798	1296	1816	1843	1618	1703	1703	1595	1871
"Gp17"	4	6	3	62	54	39	17	15	16	16	15	8	10	3	20	2	44	51	46	34	65	40	36	40	33	36	53
"Gp18"	2	2	0	27	35	34	0	2	2	3	3	3	0	0	4	0	26	21	26	13	17	16	27	23	11	21	18
"Gp2"	194	260	149	147	162	114	295	237	204	212	271	271	248	46	433	96	110	112	94	78	116	140	104	98	155	121	105
"Gp21"	0	0	0	2	2	0	0	0	0	0	0	0	0	0	0	0	1	0	8	3	1	2	7	0	1	4	3
"Gp22"	0	0	0	21	26	19	0	0	0	0	0	0	0	0	0	0	14	14	22	10	11	17	17	24	13	14	16
"Gp25"	5	8	4	411	496	378	7	6	10	11	18	21	11	2	26	7	513	464	516	368	483	437	400	510	414	474	504
"Gp3"	1242	2101	1378	299	304	214	2730	2428	2057	2333	2504	2257	2159	429	2428	761	248	267	281	220	270	301	246	278	361	364	354
"Gp4"	218	328	225	1155	1281	902	812	625	494	560	544	653	493	87	556	170	1201	1264	1337	968	1176	1264	1015	1193	1206	1255	1376
"Gp5"	83	190	97	1095	1256	805	162	127	146	160	165	173	141	15	185	45	748	932	812	601	836	801	691	788	816	776	853
"Gp6"	412	700	381	2450	2783	2165	1239	1401	795	1201	1038	1259	1075	149	1160	425	2315	2847	2845	1908	2554	2432	2097	2361	2421	2695	2828
"Gp7"	145	198	127	233	223	225	411	428	288	364	363	350	325	57	340	139	260	301	324	184	290	274	223	288	261	248	275
"Gp9"	0	0	0	2	7	4	0	0	0	0	0	0	0	0	0	0	2	1	1	0	3	2	3	0	0	2	0
"GpI"	34	40	28	2	0	0	27	25	37	36	37	29	22	4	37	14	0	1	2	0	0	0	0	0	0	0	0
"GpIX"	7	0	3	0	0	0	13	12	8	4	5	12	0	2	3	0	0	0	0	0	0	0	0	0	0	0	0
"GpV"	17	22	19	0	0	0	26	18	27	13	23	30	7	5	21	10	0	0	0	0	0	0	0	0	0	0	0
"GpXIII"	24	31	21	0	0	0	85	46	59	55	59	78	11	2	35	3	0	0	0	0	0	0	0	0	0	0	0
"Gracilibacter"	0	0	4	8	5	2	0	0	0	0	0	0	0	0	1	0	10	8	19	7	3	13	16	16	8	8	16
"Granulicella"	7	18	9	0	0	0	12	15	15	13	20	12	24	1	10	5	0	0	0	0	0	0	0	0	0	0	0
"Hamadaea"	3	2	5	10	23	9	0	8	2	4	6	4	0	2	3	0	13	12	12	11	16	16	11	15	15	14	18
"Hephaestia"	0	0	0	0	0	0	0	3	2	0	3	0	4	0	1	0	0	0	0	0	1	0	0	1	0	0	2
"Herbidospora"	0	6	3	0	0	0	3	0	3	2	5	0	4	0	2	1	0	2	0	0	0	0	0	0	0	0	1
"Herpetosiphon"	0	2	0	0	0	0	12	14	4	3	8	5	0	10	4	13	0	0	0	0	0	0	0	0	0	0	0
"Humibacter"	18	5	4	0	0	0	0	5	2	0	4	3	0	2	2	1	0	0	0	0	0	0	0	0	0	0	0
"Hydrogenispora"	0	3	0	32	34	17	0	2	0	0	4	0	0	0	1	0	46	35	33	25	32	29	29	27	17	34	54
"Hyphomicrobium"	52	74	42	37	38	28	154	237	101	154	277	194	97	46	129	42	31	46	33	31	37	32	21	47	20	33	38
"Iamia"	4	0	2	2	0	0	3	0	2	3	2	4	0	0	2	0	4	0	1	2	0	3	2	1	2	2	1
"Ilumatobacter"	38	40	35	172	128	190	63	56	45	54	51	54	50	10	56	29	210	187	194	149	188	162	162	154	157	148	168
"Inquilinus"	0	0	0	2	3	2	7	3	3	0	20	11	6	2	4	0	0	1	3	0	3	1	2	4	3	3	0
"Intrasporangium"	63	73	42	15	25	36	55	40	22	23	51	44	39	14	47	20	55	47	54	40	54	32	23	39	21	35	48
"Jahnella"	0	0	0	0	2	0	5	4	3	5	6	3	0	10	0	4	2	3	0	2	2	0	0	2	2	0	0
"Janibacter"	2	14	0	9	7	5	3	2	2	4	2	0	2	0	3	0	8	3	10	0	5	14	8	8	7	9	12
"Jatrophihabitans"	366	586	407	35	55	43	546	500	359	391	496	500	377	80	531	192	31	37	31	30	40	36	32	26	37	43	37
"Jeotgalibacillus"	0	0	0	0	3	0	0	2	2	2	2	2	0	0	1	0	0	0	0	0	3	0	0	0	0	0	0
"Kaistia"	0	0	2	0	0	0	5	12	2	2	3	4	4	0	0	0	0	9	1	2	3	0	0	2	0	0	0
"Kallotenue"	152	321	188	4	3	0	473	426	286	381	424	389	371	71	387	137	6	5	0	7	3	0	3	11	0	3	6
"Kitasatospora"	5	19	6	5	16	9	16	6	0	10	12	9	5	1	11	3	9	19	14	13	14	4	4	11	8	12	11
"Knoellia"	0	9	6	6	3	6	2	7	0	3	2	5	0	1	2	2	2	2	3	4	2	4	3	0	4	2	7
"Kofleria"	106	149	69	208	188	171	202	203	198	263	213	240	252	36	276	76	215	194	172	149	185	189	185	191	192	172	228
"Krasilnikovia"	8	9	8	6	4	0	11	10	11	9	11	8	6	2	7	6	4	2	6	4	4	2	5	3	4	2	7
"Kribbella"	135	81	47	248	231	207	64	70	36	54	82	64	65	7	55	33	221	235	231	186	176	165	156	195	183	217	232
"Ktedonobacter"	389	824	364	85	111	82	807	728	720	596	732	766	682	132	982	284	113	121	97	83	112	161	98	122	137	153	145
"Kurthia"	0	0	0	0	2	2	0	0	0	0	0	0	0	0	0	0	2	1	0	2	0	3	3	1	0	6	3
"Kutzneria"	7	17	6	0	0	0	11	11	0	9	16	7	4	0	9	1	0	0	0	0	0	0	0	0	0	0	0
"Labilithrix"	220	161	102	110	97	78	233	188	189	197	230	230	208	39	214	71	139	117	160	82	112	142	123	131	124	113	121
"Labrys"	15	29	16	38	35	39	76	72	30	62	69	69	55	19	34	29	33	40	34	28	35	27	24	38	29	29	35
"Lacibacterium"	6	8	3	32	35	35	17	19	50	0	16	19	20	7	0	0	18	27	26	18	21	14	23	28	12	20	20
"Larkinella"	4	4	7	0	0	0	2	12	3	5	15	14	0	7	0	5	0	0	2	0	0	0	0	0	0	0	0
"Latescibacteria_genera_incertae_sedis"	9	10	0	97	129	99	9	7	4	8	6	10	3	2	9	5	71	87	90	60	106	72	63	80	80	93	75
"Legionella"	6	8	8	32	42	26	16	41	42	30	38	33	34	7	51	12	49	66	42	41	54	73	54	52	69	58	53
"Leifsonia"	8	12	19	0	0	0	12	11	4	9	23	8	9	1	10	4	0	0	0	0	0	0	0	0	0	0	0
"Litorilinea"	3	2	2	32	34	32	3	7	8	9	7	6	5	0	5	0	47	50	56	39	44	37	34	40	38	45	35
"Longispora"	0	0	0	4	4	2	5	0	0	0	0	0	0	0	0	0	1	3	0	2	0	1	0	1	4	0	2
"Luedemannella"	0	0	0	3	4	0	2	0	0	0	0	0	2	0	3	0	3	1	2	2	4	2	0	1	2	4	3
"Luteimonas"	7	8	6	11	11	2	0	0	0	0	0	2	0	0	0	0	12	10	7	8	5	16	10	19	12	12	15
"Luteolibacter"	3	5	3	12	8	13	0	12	15	289	2	91	0	4	2	1	50	33	34	30	27	39	33	104	87	153	51
"Lysinibacillus"	31	41	17	37	34	29	75	32	29	27	36	45	28	6	68	17	39	37	44	33	34	39	34	36	41	32	34
"Lysobacter"	0	0	2	47	71	41	3	2	0	0	0	3	0	0	0	0	36	35	96	44	43	44	38	53	51	51	82
"Marmoricola"	190	346	230	114	120	113	212	201	134	98	149	150	113	24	120	51	156	155	161	131	127	163	122	143	145	154	202
"Massilia"	469	921	373	45	57	9	51	76	34	126	72	58	51	32	34	23	64	63	200	87	31	40	26	235	21	25	95
"Mesorhizobium"	23	17	10	65	99	65	66	109	35	39	64	56	48	16	41	30	99	128	111	120	119	169	103	138	147	171	148
"Methanocella"	0	0	0	6	0	2	0	0	0	0	0	0	0	0	0	0	5	4	0	0	3	1	0	1	1	3	7
"Methanomassiliicoccus"	12	8	5	28	8	11	16	29	21	25	5	19	19	3	17	7	4	6	11	6	16	19	16	11	11	9	11
"Methylobacter"	0	0	0	3	4	0	0	0	0	0	0	0	0	0	0	0	0	1	1	4	1	0	3	2	4	3	1
"Methylobacterium"	79	136	123	0	0	0	91	89	57	57	78	87	52	15	41	32	0	0	2	2	0	0	0	0	0	2	0
"Methyloceanibacter"	38	45	24	619	676	578	59	47	45	48	66	51	52	5	71	11	650	670	666	548	599	661	582	656	617	644	628
"Methylocystis"	0	0	0	0	0	0	4	8	2	0	3	0	3	0	2	0	2	0	0	0	0	1	2	0	0	2	0
"Methyloferula"	0	0	0	0	0	4	0	0	0	0	0	0	0	0	0	0	0	4	2	3	2	4	0	2	3	2	2
"Methyloligella"	4	3	2	10	7	6	5	5	4	0	9	3	4	0	4	2	8	4	4	6	5	5	8	5	6	4	6
"Methylophilus"	0	0	0	0	0	0	0	0	2	2	2	2	0	11	0	11	1	0	0	0	0	0	0	0	1	0	0
"Microbispora"	6	28	4	0	2	3	17	16	11	8	10	11	8	1	11	2	3	2	2	0	2	1	2	4	2	0	0
"Microlunatus"	9	11	9	60	84	69	31	54	34	24	35	9	11	4	20	10	59	84	78	55	74	66	54	59	63	53	74
"Micromonospora"	0	0	0	2	4	2	0	0	5	0	0	0	0	0	0	0	3	4	4	0	0	4	0	5	2	1	3
"Microvirga"	143	281	115	60	75	53	307	350	218	208	279	202	291	150	204	183	68	82	93	51	65	49	49	110	62	81	71
"Minicystis"	2	5	6	27	16	19	11	11	4	5	5	13	5	0	6	1	25	23	21	5	18	21	12	22	22	25	16
"Mobilitalea"	3	0	0	2	3	3	0	0	0	0	0	0	0	0	3	0	4	3	2	5	8	1	5	5	3	3	6
"Modestobacter"	38	49	28	2	0	0	41	38	12	19	31	22	27	5	32	12	0	0	0	0	0	0	0	0	0	0	0
"Motilibacter"	24	57	37	0	0	0	38	36	21	19	36	30	29	7	40	9	0	0	0	0	0	0	0	0	0	0	0
"Mucilaginibacter"	128	163	104	17	18	9	78	174	63	82	115	101	67	35	75	43	22	24	24	21	18	43	25	28	67	63	42
"Mumia"	58	42	47	25	24	20	18	8	12	9	12	12	11	3	5	5	30	16	29	22	29	43	21	37	37	30	36
"Mycobacterium"	103	186	87	111	106	80	266	250	131	173	244	161	192	43	197	58	84	132	124	72	95	86	58	120	85	84	124
"Mycoplana"	3	17	0	2	0	2	2	3	2	0	4	6	0	1	5	2	0	0	1	2	0	1	3	3	0	2	2
"Myxococcus"	0	0	0	0	0	0	4	6	3	3	0	0	0	8	2	6	0	0	0	0	1	0	0	1	0	0	0
"Nakamurella"	6	11	7	4	0	2	9	16	10	6	24	14	10	2	11	1	0	3	3	2	3	5	0	0	2	1	1
"Nannocystis"	0	0	0	2	2	0	4	5	2	8	7	5	15	18	0	17	0	4	1	2	5	0	0	2	22	2	2
"Neochlamydia"	9	9	13	74	60	42	19	19	22	19	20	16	21	4	20	6	109	71	151	80	90	194	114	122	281	96	99
"Neorhizobium"	18	21	11	0	0	0	2	2	0	6	2	3	0	7	0	4	4	19	11	17	3	7	4	15	13	6	17
"Niastella"	46	37	26	6	3	2	134	222	132	91	163	156	165	140	53	136	19	98	28	48	18	18	23	65	38	33	36
"Nibrella"	0	0	0	0	0	0	9	13	3	5	18	16	0	1	2	2	0	0	0	0	0	0	0	0	0	0	0
"Nitrobacter"	10	15	9	12	15	5	17	26	15	16	13	23	9	5	23	10	15	18	11	12	12	21	11	17	22	14	22
"Nitrolancea"	29	52	28	0	0	0	45	48	34	32	52	36	38	4	66	17	6	0	0	0	0	0	3	0	0	0	4
"Nitrosomonas"	0	0	0	2	4	4	0	0	0	0	0	0	0	0	0	0	1	2	2	4	3	0	3	2	4	4	2
"Nitrososphaera"	333	629	438	404	426	348	619	2113	1991	680	612	764	555	111	698	221	423	548	412	306	440	445	439	501	461	448	481
"Nitrosospira"	6	15	9	3	5	2	8	9	5	4	7	9	9	6	12	6	2	3	8	3	5	2	3	5	4	11	5
"Nitrospira"	466	726	524	548	635	401	942	867	744	803	928	894	735	160	975	369	396	478	437	351	501	421	387	477	387	428	456
"Nitrospirillum"	0	0	2	0	0	0	2	4	0	7	3	3	3	0	3	0	0	0	0	0	0	0	0	0	0	0	0
"Nocardia"	26	44	26	40	35	34	36	31	21	26	30	29	60	6	46	12	36	30	36	27	23	34	24	45	27	27	35
"Nocardioides"	203	321	190	165	144	158	208	159	87	93	160	150	130	27	99	44	217	246	276	185	187	216	141	217	176	242	306
"Nonomuraea"	6	16	6	17	10	10	19	13	6	14	26	8	11	2	22	7	10	11	21	9	6	21	10	10	18	8	21
"Noviherbaspirillum"	10	14	6	2	0	0	16	37	19	11	14	13	13	14	13	8	1	0	0	0	1	0	0	0	0	0	2
"Novosphingobium"	7	4	6	2	3	3	87	82	34	106	40	67	10	51	13	58	47	47	68	50	23	36	24	25	57	41	103
"Nubsella"	11	7	7	3	3	2	7	8	4	5	10	11	5	0	11	3	1	9	2	0	6	6	2	5	5	2	2
"Oceanobacillus"	3	3	4	0	0	0	4	3	5	2	4	0	3	0	5	0	1	2	0	0	0	0	0	0	0	1	0
"Ohtaekwangia"	0	8	4	0	0	0	18	31	42	21	41	22	10	36	20	36	0	0	1	0	0	0	0	0	0	0	0
"Oligoflexus"	12	10	10	0	0	2	5	4	9	4	6	6	6	2	4	3	1	4	0	0	1	2	2	3	1	5	2
"Oligotropha"	0	0	0	0	0	0	2	0	0	0	3	0	2	0	0	0	2	0	0	0	0	5	3	2	4	0	2
"Opitutus"	23	36	7	22	21	11	138	93	76	111	80	116	76	20	104	26	20	27	24	20	20	30	27	33	55	47	26
"Ornithinibacillus"	2	2	0	4	2	0	2	0	0	0	4	0	2	0	0	0	2	0	0	0	0	0	0	4	1	0	1
"Oryzihumus"	20	52	27	74	75	34	22	11	10	13	12	13	17	0	5	8	64	58	73	56	76	128	63	77	81	79	77
"Oxalicibacterium"	2	8	2	0	0	0	0	11	4	6	2	4	3	0	3	0	0	0	0	0	0	0	0	0	0	0	0
"Oxalophagus"	60	77	73	164	150	104	112	67	76	69	94	85	46	14	79	24	180	260	158	149	157	174	146	253	176	132	188
"Paenibacillus"	168	329	138	79	99	74	263	232	225	211	223	225	206	114	405	110	97	125	115	76	98	90	74	108	109	85	90
"Paenisporosarcina"	0	2	0	3	2	0	0	0	0	0	0	0	0	0	0	0	2	3	0	0	0	1	0	4	1	0	0
"Paludibaculum"	6	8	10	9	5	0	15	12	10	5	16	16	7	4	15	4	2	3	2	7	3	4	4	1	3	10	7
"Parachlamydia"	18	26	24	31	35	28	38	48	54	33	31	41	43	23	63	25	62	74	67	50	64	84	64	73	76	74	68
"Parafilimonas"	0	5	5	6	5	3	11	6	5	7	8	6	9	2	4	6	5	6	13	5	10	10	10	8	12	9	7
"Parasegetibacter"	0	0	0	3	3	4	4	4	0	9	7	0	2	0	0	0	9	6	2	2	4	8	0	7	8	7	4
"Parcubacteria_genera_incertae_sedis"	9	17	13	43	49	34	78	94	125	108	101	93	85	19	113	31	17	17	25	12	25	34	20	18	26	33	26
"Paucimonas"	3	15	2	0	0	0	6	8	2	2	11	9	3	4	8	4	0	0	0	0	0	0	0	1	0	0	0
"Paucisalibacillus"	14	16	11	3	8	0	6	16	13	18	13	11	9	2	13	4	7	4	3	6	1	5	5	9	11	4	9
"Pedobacter"	6	19	7	4	3	0	0	0	2	0	0	0	0	0	0	0	0	0	0	0	3	3	4	8	1	0	1
"Pedomicrobium"	32	52	33	1106	1022	745	75	63	42	55	47	73	55	8	82	20	970	932	918	660	1025	859	754	896	816	968	934
"Pelomonas"	0	0	0	0	0	0	0	11	20	0	3	2	0	1	0	3	0	2	3	0	3	0	0	1	6	4	2
"Pelosinus"	2	6	0	8	5	0	5	2	7	2	0	0	3	0	4	1	2	2	2	4	1	5	2	3	5	0	7
"Peredibacter"	12	8	7	9	6	4	47	17	19	10	35	32	22	31	6	22	13	29	24	23	14	12	8	55	11	23	26
"Phaselicystis"	4	4	0	8	7	8	8	18	10	9	17	9	9	6	12	4	8	8	6	5	8	5	6	16	11	8	6
"Phenylobacterium"	88	115	95	23	35	29	203	329	136	125	253	199	171	117	187	123	56	73	55	56	55	64	47	53	65	83	67
"Phreatobacter"	0	0	0	0	0	0	0	3	0	0	2	0	2	1	0	0	1	2	2	0	2	0	2	13	3	0	0
"Phycicoccus"	60	119	59	42	59	32	72	60	29	33	51	36	30	5	38	11	71	55	84	57	33	78	53	63	48	69	78
"Phycisphaera"	3	2	2	2	2	7	1	3	3	0	2	3	0	0	3	0	9	15	9	4	10	19	7	10	15	12	15
"Phyllobacterium"	0	0	0	9	7	9	0	0	0	0	0	0	0	0	0	0	7	8	6	5	2	11	9	9	3	6	7
"Pirellula"	65	86	38	70	78	69	211	228	201	231	203	223	211	39	193	75	98	174	102	120	145	99	100	162	162	131	132
"Planctomicrobium"	0	0	0	19	14	21	4	2	0	4	0	3	0	0	2	0	23	32	32	20	22	20	29	45	28	30	18
"Planctopirus"	2	2	0	0	0	5	8	17	13	8	13	6	2	4	4	5	6	15	8	5	14	16	10	12	14	13	12
"Planosporangium"	2	5	4	4	2	8	3	4	6	2	5	4	3	0	19	3	12	6	9	5	5	11	4	8	6	3	9
"Planotetraspora"	0	0	0	10	11	6	2	0	0	0	4	0	0	0	0	0	5	6	7	10	10	9	9	8	6	3	7
"Plantactinospora"	7	63	9	5	0	0	9	12	6	5	14	6	8	2	8	2	1	5	2	0	0	2	0	0	2	1	3
"Polyangium"	0	0	0	0	0	0	2	0	0	3	0	2	2	8	2	8	0	0	0	0	0	2	0	0	0	0	1
"Polycladomyces"	0	0	0	29	25	3	0	0	0	0	0	0	0	0	0	0	25	25	10	6	16	23	20	20	21	20	16
"Porphyrobacter"	0	0	0	0	0	0	0	5	0	0	3	2	0	0	0	0	10	3	6	7	4	18	8	5	9	4	10
"Povalibacter"	12	11	3	133	128	119	15	7	20	9	24	17	9	3	16	2	161	195	172	105	150	146	141	135	134	158	148
"Prosthecobacter"	3	0	0	2	2	0	0	0	3	2	2	2	0	1	0	0	0	6	0	0	0	1	0	8	1	1	0
"Pseudobacteroides"	0	2	0	5	2	2	0	0	2	0	0	0	2	0	2	0	5	6	9	7	5	6	3	4	5	1	7
"Pseudoduganella"	2	0	0	0	0	0	6	13	3	10	3	5	9	3	7	9	56	9	23	14	6	5	18	12	16	17	13
"Pseudolabrys"	24	37	16	74	67	62	73	47	35	76	88	50	52	7	79	23	62	54	53	39	79	74	49	65	70	60	71
"Pseudomonas"	0	3	0	0	0	0	0	0	0	0	2	0	0	22	0	6	0	1	0	0	0	0	0	18	10	0	2
"Pseudonocardia"	36	57	21	27	32	21	80	58	27	46	64	46	27	13	68	21	27	29	34	11	28	16	11	18	17	19	25
"Pseudoxanthomonas"	0	0	0	4	8	3	0	0	0	0	0	0	0	0	0	0	1	1	2	2	10	2	7	52	4	5	4
"Psychrosinus"	0	5	2	0	0	0	2	0	7	3	2	2	3	1	6	1	0	0	0	0	0	0	0	0	0	3	0
"Pullulanibacillus"	11	19	8	4	0	4	13	9	11	9	12	16	17	4	17	0	2	2	0	0	2	5	4	6	2	2	1
"Pyxidicoccus"	2	0	0	31	30	28	0	0	2	2	0	0	2	0	0	0	19	18	21	14	23	22	27	21	21	33	22
"Ralstonia"	4	3	2	0	0	0	5	20	29	15	38	18	16	32	16	26	0	2	0	0	0	0	0	0	0	2	0
"Ramlibacter"	76	127	77	5	11	7	120	150	95	103	123	100	78	43	72	38	24	28	26	24	15	14	16	23	15	20	25
"Renibacterium"	60	87	41	5	2	3	56	44	16	38	53	40	24	20	43	29	26	13	8	9	15	27	21	16	21	33	20
"Reyranella"	141	136	78	57	35	57	274	200	166	221	313	295	241	53	221	108	46	44	37	22	41	38	36	42	44	54	31
"Rhizobium"	11	15	14	19	26	9	136	261	128	923	186	315	96	47627	91	28895	107	130	133	112	96	102	69	96	165	151	180
"Rhizocola"	0	0	0	15	12	7	3	0	0	0	0	0	0	0	0	0	10	14	26	12	11	11	13	12	12	16	6
"Rhizomicrobium"	35	34	21	4	10	9	70	69	60	68	84	66	72	8	106	18	8	17	9	7	9	30	15	13	16	14	13
"Rhizorhabdus"	30	31	32	16	12	15	45	39	27	38	55	60	49	6	42	12	12	15	23	25	14	24	19	20	15	21	13
"Rhodanobacter"	0	0	0	11	0	3	0	0	0	2	0	0	0	0	0	0	3	3	4	6	7	16	7	10	6	7	13
"Rhodococcus"	0	5	3	25	32	15	0	3	0	0	3	0	0	1	0	0	30	23	29	14	29	24	24	21	116	18	29
"Rhodoligotrophos"	0	0	0	0	3	0	0	0	0	0	0	0	0	0	0	0	5	0	3	6	1	2	5	3	2	2	1
"Rhodomicrobium"	0	5	3	26	17	19	3	0	5	2	5	0	0	0	0	0	30	17	18	16	24	18	26	13	9	19	19
"Rhodopila"	18	44	26	4	2	4	35	48	23	23	45	39	46	5	32	20	2	5	2	11	6	7	2	2	1	2	0
"Rhodoplanes"	0	0	0	7	2	4	3	4	0	5	3	2	3	0	5	0	3	8	2	2	0	3	3	6	3	0	0
"Rhodopseudomonas"	0	2	0	0	0	0	0	0	0	4	0	0	0	0	0	0	3	7	6	5	6	13	3	11	18	2	9
"Romboutsia"	0	0	2	37	19	19	0	0	0	2	0	0	2	0	3	0	33	42	24	24	26	14	23	17	23	16	31
"Roseiarcus"	19	18	12	10	9	11	30	27	12	20	30	24	24	2	28	9	13	13	12	5	13	18	16	17	20	15	7
"Roseimicrobium"	0	0	0	0	2	0	35	35	79	94	61	84	12	118	1	96	1	23	13	14	13	1	3	95	79	0	6
"Roseomonas"	4	9	3	0	0	0	2	2	3	5	3	3	2	1	2	0	0	0	0	0	0	0	0	0	0	0	0
"Rubellimicrobium"	2	4	2	0	0	0	4	5	3	2	11	7	0	0	2	0	0	0	0	0	0	0	0	0	0	0	0
"Rubritepida"	2	2	3	0	0	0	4	3	4	5	6	2	5	1	2	0	0	0	0	0	0	0	0	0	0	0	0
"Rubrobacter"	30	34	29	11	5	6	45	38	28	34	36	31	30	6	23	14	3	7	15	3	5	3	5	6	6	7	6
"Rudaea"	5	4	4	0	0	0	7	10	8	6	24	15	16	4	16	3	1	0	0	0	4	1	4	1	1	2	3
"Rugamonas"	6	6	0	0	0	0	3	0	0	2	3	0	0	1	0	0	2	3	7	0	1	6	2	0	3	2	0
"Rugosimonospora"	133	234	100	23	25	21	160	147	91	183	185	177	136	33	371	77	29	46	38	29	35	33	28	32	34	32	51
"Rummeliibacillus"	0	0	0	11	10	7	3	3	2	4	18	14	3	0	6	1	7	8	8	7	9	5	10	3	7	12	17
"Saccharibacteria_genera_incertae_sedis"	404	684	460	145	163	96	1112	1453	1059	1237	1158	1257	1170	235	1045	444	338	276	444	288	454	494	345	398	525	747	557
"Saccharococcus"	0	0	0	15	8	7	0	0	0	0	0	0	0	0	0	0	16	9	12	5	12	6	8	15	8	8	3
"Saccharopolyspora"	0	0	0	2	2	4	0	0	0	0	0	0	0	0	0	0	1	9	2	0	3	4	3	3	0	1	2
"Salinarimonas"	2	4	2	7	4	7	0	2	2	3	3	0	0	0	2	3	7	6	3	5	6	3	4	3	5	7	3
"Sandaracinus"	0	0	0	7	12	3	5	9	12	6	4	7	6	1	1	1	9	18	9	6	4	6	4	40	13	5	4
"Schlesneria"	4	6	4	8	4	4	36	41	31	30	37	38	24	6	10	10	17	15	11	10	10	18	15	26	32	22	10
"Sediminibacterium"	0	0	0	0	0	0	3	7	2	5	8	5	0	7	3	6	1	3	6	2	1	5	0	9	11	0	0
"Segetibacter"	29	82	39	0	0	0	32	15	13	14	12	23	15	4	12	5	0	0	0	0	0	0	0	0	0	0	0
"Shimazuella"	71	98	55	64	63	25	113	77	115	90	79	86	75	12	166	42	55	65	71	45	47	73	59	55	64	68	61
"Shinella"	3	4	0	4	3	0	8	16	13	5	10	6	3	23	0	21	8	15	19	14	12	7	6	56	24	10	35
"Singulisphaera"	35	57	34	55	52	60	65	58	40	52	67	69	55	8	79	27	80	68	68	66	68	83	55	96	84	60	56
"Sinomonas"	117	233	117	5	2	0	136	227	89	104	130	130	118	47	127	64	3	10	6	13	1	5	8	4	5	10	17
"Sinosporangium"	0	0	0	6	9	4	0	2	0	0	0	0	0	0	0	0	6	6	14	8	3	8	8	7	3	7	4
"Skermanella"	4	3	2	0	0	0	8	5	11	2	4	7	5	1	5	3	0	0	0	0	0	0	0	0	0	0	0
"Smaragdicoccus"	11	20	15	5	4	6	19	13	10	9	16	19	11	0	13	5	5	1	2	3	0	2	4	4	6	6	6
"Solibacillus"	0	0	0	6	6	2	2	0	0	0	2	0	0	0	0	0	13	9	8	10	11	6	10	11	14	11	12
"Solirubrobacter"	209	341	196	112	75	82	366	335	219	287	344	291	213	41	375	85	99	115	98	55	86	68	60	68	64	77	83
"Solitalea"	0	0	0	12	6	18	0	0	0	0	0	0	0	0	0	0	6	7	8	9	4	6	10	4	5	8	9
"Spartobacteria_genera_incertae_sedis"	653	1015	668	5337	6346	5830	1758	1724	1662	1694	1528	1838	1529	284	1985	595	6834	6269	5933	4133	6309	6860	5685	6458	7204	7447	6228
"Sphaerisporangium"	44	51	29	32	20	15	68	47	40	41	48	41	57	8	68	18	21	19	32	59	28	28	18	17	36	19	178
"Sphaerobacter"	16	36	12	0	4	3	40	44	28	26	26	22	32	2	47	13	0	3	7	0	7	2	3	4	8	3	3
"Sphingobium"	4	10	3	2	0	3	4	0	0	0	0	2	2	9	0	7	6	10	7	8	7	3	4	3	4	7	9
"Sphingomonas"	105	205	118	64	84	54	275	224	203	150	284	230	190	87	199	103	104	155	248	132	120	123	93	131	116	122	258
"Sphingosinicella"	2	9	6	3	7	3	13	16	8	5	14	21	6	0	3	0	5	4	5	6	5	5	3	5	3	9	10
"Spirillospora"	13	11	4	6	4	4	5	10	15	8	12	9	13	0	23	9	4	0	7	0	2	4	7	2	11	9	1
"Spirosoma"	3	11	0	0	0	0	28	66	12	25	32	29	8	30	8	30	0	0	0	0	0	0	0	0	0	0	0
"Sporacetigenium"	0	0	0	10	4	3	0	0	2	0	0	0	0	0	0	0	2	4	4	5	5	4	4	4	1	3	3
"Sporichthya"	5	13	3	0	0	0	33	26	19	20	21	24	19	2	19	9	5	9	4	4	6	9	9	8	9	10	1
"Sporolactobacillaceae_incertae_sedis"	0	0	0	0	4	0	0	0	2	0	0	0	0	0	0	0	5	0	3	3	1	0	0	3	1	1	0
"Sporolactobacillus"	0	0	0	2	3	0	0	0	0	0	0	0	0	0	0	0	0	1	2	3	5	1	4	2	4	3	0
"Sporomusa"	0	0	0	5	4	6	2	0	0	0	0	0	0	0	0	0	4	11	11	3	2	5	3	10	10	8	6
"Sporosarcina"	157	280	150	9	8	3	253	205	185	175	229	205	187	32	284	81	4	7	6	3	2	14	6	7	9	1	6
"Stakelama"	2	0	0	0	0	2	0	3	0	0	2	0	0	1	0	2	4	0	0	0	0	0	0	0	3	0	1
"Steroidobacter"	10	10	6	9	5	10	13	13	37	20	13	14	122	1	11	19	13	32	11	9	33	6	12	9	10	4	13
"Stigmatella"	0	0	0	2	3	4	0	0	0	0	0	0	0	0	0	0	4	0	3	3	0	1	0	2	1	1	2
"Streptacidiphilus"	35	48	32	24	21	12	59	44	23	25	23	47	38	9	42	8	17	33	21	22	15	11	16	17	22	17	16
"Streptomyces"	44	149	87	160	156	115	142	112	93	93	154	102	103	21	143	40	106	132	112	75	109	108	72	120	117	108	116
"Streptophyta"	0	0	2	0	4	0	40	173	70	507	133	235	96	12	134	43	4	28	45	45	6	14	6	25	159	102	87
"Streptosporangium"	53	86	36	4	27	6	77	86	60	59	84	55	81	11	63	29	8	5	4	3	6	4	2	4	6	4	8
"Subdivision3_genera_incertae_sedis"	236	496	269	416	424	357	587	640	597	618	477	545	469	110	625	207	304	377	329	257	400	346	306	390	429	403	349
"Taibaiella"	2	6	3	0	2	2	8	3	0	0	4	5	2	49	0	40	0	7	3	3	1	1	0	1	3	0	2
"Tardiphaga"	0	2	0	0	0	0	9	4	0	10	3	6	0	1	2	1	1	0	0	0	0	2	0	0	1	0	0
"Telluria"	11	5	6	0	0	0	0	5	0	5	5	4	2	0	2	0	0	1	0	0	0	0	0	3	2	0	0
"Tepidamorphus"	0	0	0	4	5	7	0	0	0	0	0	0	0	0	0	0	3	6	8	4	3	6	6	2	5	10	4
"Tepidisphaera"	13	23	12	45	39	33	64	58	31	35	44	50	42	10	17	19	30	60	75	41	61	41	34	46	38	59	60
"Terrabacter"	204	442	235	3	0	0	175	159	81	93	152	144	115	30	118	55	0	2	0	5	1	1	2	4	2	2	8
"Terracoccus"	8	0	5	0	0	0	2	6	3	2	2	3	5	0	1	0	0	0	0	0	0	0	0	0	0	0	0
"Terriglobus"	11	7	8	0	0	0	16	11	4	12	19	13	13	2	8	3	0	0	0	0	0	0	0	0	0	0	0
"Terrimicrobium"	9	12	7	320	412	529	43	57	34	27	62	53	30	8	18	12	426	556	457	338	472	404	380	473	407	477	403
"Terrimonas"	17	9	6	13	9	12	29	17	14	10	27	17	27	14	17	10	6	24	21	17	20	12	15	32	17	37	25
"Thermoactinomyces"	0	0	0	8	2	2	0	0	0	0	0	0	0	0	0	0	8	5	2	2	5	4	2	6	2	6	8
"Thermoflavimicrobium"	0	0	0	9	3	5	0	0	0	0	0	0	0	0	0	0	12	10	8	3	11	5	4	5	1	6	4
"Thermogutta"	2	10	3	10	9	7	8	16	7	16	14	13	15	3	24	6	9	8	13	3	6	14	14	15	6	11	13
"Thermoleophilum"	93	175	109	512	493	469	192	165	107	145	168	137	139	23	186	73	549	578	537	450	513	519	492	515	499	452	575
"Thermomonas"	0	0	0	0	2	4	0	0	0	0	0	0	0	0	0	0	0	6	0	4	0	2	0	11	1	1	0
"Thermosporothrix"	81	87	59	56	54	44	115	100	74	108	104	111	99	18	108	48	52	45	52	40	54	47	32	43	54	42	61
"Tomitella"	0	0	2	2	0	0	0	2	3	2	3	0	5	0	0	0	1	1	0	2	1	0	0	1	1	4	0
"Tuberibacillus"	4	5	5	0	0	0	15	4	7	4	9	7	5	0	4	1	0	0	0	0	0	0	0	0	0	0	0
"Tumebacillus"	317	538	270	246	251	66	462	497	551	353	476	395	427	85	535	153	229	184	222	154	150	171	193	234	150	156	256
"Turicibacter"	12	6	5	7	12	5	6	6	9	2	4	9	3	1	3	3	7	9	7	9	11	10	8	9	7	6	6
"Unclassified.Acetobacteraceae.Family"	740	1181	705	75	76	65	1347	1417	913	1001	1445	1109	1088	199	1375	468	81	77	67	47	52	104	76	96	88	88	69
"Unclassified.Acidimicrobiaceae.Family"	0	0	0	6	2	4	1	0	0	3	3	0	2	1	0	1	4	4	5	0	6	3	2	3	0	1	3
"Unclassified.Acidimicrobiales.Order"	364	596	392	759	637	734	952	1019	651	1040	892	1002	793	189	942	399	798	808	763	579	843	779	604	783	733	739	754
"Unclassified.Acidobacteria.Phylum"	475	584	365	611	632	456	1108	868	728	996	1187	1050	837	85	1053	213	481	545	457	365	537	471	437	490	500	532	493
"Unclassified.Acidobacteria_Gp1.Class"	3498	4278	2845	888	1018	735	5361	5140	4981	4974	5760	5326	4614	900	6259	1920	679	789	722	565	764	830	688	825	860	880	756
"Unclassified.Acidobacteria_Gp3.Class"	2004	2538	1809	632	616	420	3565	3524	3007	3060	3570	3348	2863	607	3323	1256	481	618	527	484	552	581	490	544	669	679	613
"Unclassified.Acidobacteria_Gp4.Class"	180	290	194	140	183	139	850	618	480	566	617	762	468	122	417	230	154	239	232	156	202	199	168	237	198	247	218
"Unclassified.Actinobacteria.Class"	3613	4404	2952	8240	7604	7595	5525	5974	4041	4859	6010	5944	4582	636	6009	2021	9020	8420	8479	6081	8947	8656	7343	8399	8174	8246	8249
"Unclassified.Actinobacteria.Phylum"	1103	1572	970	4166	3636	4028	1821	1967	1370	1576	1972	1877	1536	219	2103	623	4926	4526	4429	3240	4802	4522	3838	4184	4192	4095	4353
"Unclassified.Actinomycetales.Order"	9412	11885	7771	5257	5279	4446	10015	10585	7292	7419	10478	9479	7635	1627	9555	3831	5950	5381	5349	4279	5557	6388	5051	5537	6240	6610	6127
"Unclassified.Alcaligenaceae.Family"	2	8	0	0	2	0	0	4	3	26	7	2	11	142	0	100	2	2	0	0	34	0	15	14	0	0	0
"Unclassified.Alicyclobacillaceae.Family"	112	134	69	21	29	6	57	62	48	51	50	44	50	20	79	24	32	22	34	26	14	10	22	27	18	13	33
"Unclassified.Alphaproteobacteria.Class"	1662	1880	1305	4450	4479	3784	3421	3679	2601	3667	4134	3725	2837	6578	3085	7995	4405	4451	4574	3347	4610	4682	3927	4762	4674	4887	4506
"Unclassified.Anaerolineaceae.Family"	20	33	20	191	174	87	54	43	57	60	42	42	41	9	36	17	181	194	185	145	166	129	133	199	133	214	235
"Unclassified.Armatimonadetes.Phylum"	7	3	9	0	0	0	50	39	43	54	47	48	35	8	47	15	1	1	3	4	3	5	3	7	6	8	6
"Unclassified.Bacillaceae.1.Family"	583	945	525	510	670	259	1000	889	825	999	950	998	713	147	1169	275	568	671	605	367	885	595	538	638	499	511	560
"Unclassified.Bacillaceae.2.Family"	415	574	440	364	314	173	607	568	461	612	637	690	557	76	750	200	413	399	372	307	358	467	375	437	460	332	375
"Unclassified.Bacillales.Order"	6194	9472	5955	6133	6710	3006	9639	8015	7732	8814	9523	10092	6861	1364	10957	3061	6633	7270	6567	4857	7332	6527	6180	7115	6661	6004	6594
"Unclassified.Bacilli.Class"	441	579	369	330	303	191	690	533	565	510	676	706	509	121	832	273	346	422	315	213	351	337	305	343	367	336	331
"Unclassified.Bacteriovoracaceae.Family"	0	0	0	3	0	9	0	3	0	3	2	0	0	0	0	3	5	0	8	2	1	4	7	3	4	2	0
"Unclassified.Bacteroidetes.Phylum"	94	106	80	92	127	124	291	249	205	637	232	425	192	158	161	164	108	184	137	123	127	150	147	192	194	196	145
"Unclassified.Beijerinckiaceae.Family"	11	23	15	75	87	76	44	47	15	17	20	31	21	0	24	8	57	70	60	52	50	56	46	50	73	72	45
"Unclassified.Betaproteobacteria.Class"	1508	1995	1055	1195	1158	1123	2133	2337	1459	2024	2437	2090	1651	583	2031	946	1191	1282	1203	833	1099	1120	961	1347	1143	1085	1231
"Unclassified.Bradyrhizobiaceae.Family"	473	608	369	708	756	634	1041	1239	723	865	1151	1003	937	221	906	397	825	871	846	672	802	839	858	973	1092	1025	928
"Unclassified.Brucellaceae.Family"	5	10	11	4	4	4	11	17	12	32	6	8	7	909	6	709	22	16	12	18	10	12	17	9	10	10	13
"Unclassified.Burkholderiaceae.Family"	36	89	41	5	10	3	77	89	63	84	120	80	79	27	80	42	8	21	20	8	7	7	10	18	12	8	16
"Unclassified.Burkholderiales.Order"	604	906	475	277	197	193	830	968	577	1793	918	1212	619	479	621	555	237	360	313	239	238	321	245	584	351	332	376
"Unclassified.Burkholderiales_incertae_sedis.Family"	17	29	14	16	14	9	35	27	17	54	17	30	12	15	17	17	25	12	16	13	7	12	21	28	18	16	19
"Unclassified.Caldilineaceae.Family"	9	16	7	37	36	30	42	34	48	31	33	37	32	7	30	10	38	39	34	30	49	27	24	37	32	38	34
"Unclassified.Caulobacteraceae.Family"	22	37	21	16	14	6	16	22	27	28	23	22	26	8	27	29	16	11	15	17	18	15	10	16	12	10	14
"Unclassified.Caulobacterales.Order"	2	7	0	2	0	0	3	6	6	6	4	2	7	4	5	4	0	2	2	2	0	1	0	2	2	1	0
"Unclassified.Cellulomonadaceae.Family"	16	9	0	0	0	0	10	3	4	4	7	2	0	0	1	0	0	0	0	0	0	0	0	0	0	1	0
"Unclassified.Chitinophagaceae.Family"	534	827	507	189	175	177	1270	1183	807	815	1260	1144	840	579	759	617	217	318	323	233	293	268	260	399	426	285	312
"Unclassified.Chlamydiales.Order"	12	26	10	119	129	101	32	19	31	41	22	44	27	4	78	11	125	164	130	88	155	141	128	155	145	169	174
"Unclassified.Chloroflexi.Phylum"	415	804	420	411	405	299	1178	1220	863	908	1143	979	957	198	1151	410	415	497	425	360	505	462	401	416	459	449	524
"Unclassified.Chloroflexia.Class"	32	67	32	75	54	30	106	108	63	74	68	74	68	17	67	28	57	80	67	58	65	46	48	60	48	53	69
"Unclassified.Chloroplast.Family"	3	3	6	0	0	0	5	14	43	34	12	17	8	3	21	3	0	0	2	3	0	0	0	0	4	1	6
"Unclassified.Chromatiales.Order"	0	0	0	7	6	5	0	3	0	2	3	2	0	1	0	0	5	10	8	6	7	9	2	4	3	5	4
"Unclassified.Clostridia.Class"	13	17	5	27	22	13	14	10	11	10	20	9	13	1	15	3	29	22	30	20	21	12	12	29	22	27	33
"Unclassified.Clostridiaceae.1.Family"	142	162	105	261	173	105	121	139	120	106	156	139	119	24	142	47	178	247	197	166	153	130	134	166	160	147	227
"Unclassified.Clostridiales.Order"	143	105	64	196	160	105	92	76	73	51	84	69	54	15	81	31	134	216	172	130	141	140	142	173	136	148	239
"Unclassified.Comamonadaceae.Family"	126	164	88	26	38	26	202	269	147	1138	160	395	129	170	136	165	45	89	82	67	46	76	52	178	94	75	101
"Unclassified.Cryomorphaceae.Family"	0	0	0	0	0	0	0	2	4	4	2	6	4	7	5	6	2	0	0	0	0	1	0	0	2	0	1
"Unclassified.Cryptosporangiaceae.Family"	14	23	12	0	0	0	14	20	13	12	16	11	11	1	19	4	0	0	0	0	1	0	0	0	3	0	4
"Unclassified.Cyanobacteria.Class"	58	90	106	2	0	0	219	123	228	81	175	173	43	14	77	38	0	0	2	0	0	1	0	0	0	0	0
"Unclassified.Cyanobacteria.Chloroplast.Phylum"	7	5	9	0	0	0	12	8	15	9	10	13	4	1	14	5	0	0	0	0	0	0	0	0	0	0	0
"Unclassified.Cystobacteraceae.Family"	10	24	10	21	30	19	31	21	13	26	23	26	22	7	25	7	26	16	20	9	21	20	19	33	17	20	26
"Unclassified.Cytophagaceae.Family"	12	34	12	10	8	12	35	54	25	50	43	52	29	64	10	40	6	15	14	12	14	18	15	13	17	19	11
"Unclassified.Cytophagales.Order"	15	20	8	22	22	10	48	54	47	58	46	67	37	26	32	31	6	23	23	15	18	22	12	21	34	23	20
"Unclassified.Deinococcaceae.Family"	2	0	0	3	0	0	3	12	5	2	3	4	2	8	0	8	6	5	11	7	3	6	4	6	4	7	17
"Unclassified.Deinococci.Class"	0	0	0	0	0	0	3	2	0	0	0	0	2	2	0	3	2	0	1	0	0	1	2	0	0	0	2
"Unclassified.Deltaproteobacteria.Class"	119	134	85	874	899	707	204	198	205	211	254	229	204	52	254	69	807	822	815	533	774	659	619	725	689	700	738
"Unclassified.Desulfuromonadales.Order"	18	4	3	9	15	9	4	0	5	4	7	2	5	2	7	2	6	12	12	0	8	1	5	4	6	9	9
"Unclassified.Enterobacteriaceae.Family"	3	7	6	0	0	0	0	5	3	24	0	8	2	0	0	1	0	2	0	0	0	0	2	0	0	0	0
"Unclassified.Erythrobacteraceae.Family"	13	27	25	10	7	8	48	34	23	26	23	40	25	4	14	6	23	19	33	17	25	33	19	25	28	23	21
"Unclassified.Euryarchaeota.Phylum"	6	8	11	0	0	0	46	79	59	108	34	54	48	11	46	26	0	0	0	0	0	0	0	0	0	0	0
"Unclassified.Firmicutes.Phylum"	879	1116	679	829	816	480	1246	1055	1059	1016	1438	1345	1007	187	1621	423	820	983	773	643	912	811	793	941	871	813	910
"Unclassified.Flavobacteriaceae.Family"	8	11	14	32	44	76	2	6	0	3382	4	892	2	176	0	112	50	53	41	35	34	45	40	36	53	38	23
"Unclassified.Flavobacteriales.Order"	0	0	3	6	7	12	9	0	2	12	4	9	2	2	5	1	10	9	9	5	6	9	5	7	12	9	6
"Unclassified.Gammaproteobacteria.Class"	346	500	238	940	914	694	699	769	666	725	837	666	1001	223	1037	436	944	954	938	670	897	967	856	973	1029	985	921
"Unclassified.Geobacteraceae.Family"	7	2	0	6	10	2	4	0	2	3	0	0	3	0	3	3	3	3	6	9	7	1	5	3	4	4	7
"Unclassified.Geodermatophilaceae.Family"	129	237	150	11	6	9	224	192	109	126	181	158	99	28	181	69	13	14	12	15	8	9	5	10	10	11	16
"Unclassified.Hyphomicrobiaceae.Family"	131	156	81	717	746	532	188	212	129	157	200	194	168	31	237	78	821	749	682	549	790	682	616	704	608	706	719
"Unclassified.Iamiaceae.Family"	39	77	54	129	112	145	140	149	112	110	145	108	124	20	122	62	143	145	137	125	171	166	137	153	132	145	139
"Unclassified.Intrasporangiaceae.Family"	1981	2861	1907	273	234	245	1366	1063	690	777	1015	1163	778	223	839	436	514	322	459	324	287	503	321	376	321	410	423
"Unclassified.Kineosporiaceae.Family"	15	35	13	0	2	0	33	32	21	16	39	22	19	8	29	9	1	0	0	0	3	0	0	0	1	3	2
"Unclassified.Ktedonobacterales.Order"	877	1436	864	379	379	238	1545	1601	1510	1452	1681	1674	1408	289	1969	601	327	301	312	218	307	464	322	327	443	422	368
"Unclassified.Ktedonobacteria.Class"	83	126	92	19	18	24	184	167	149	188	180	172	200	25	223	70	22	11	12	11	18	18	7	15	23	16	12
"Unclassified.Lachnospiraceae.Family"	36	41	36	132	120	97	28	24	25	25	28	34	27	4	34	10	127	147	136	109	159	79	118	123	121	126	146
"Unclassified.Methylobacteriaceae.Family"	7	15	6	3	0	0	22	19	7	15	19	14	16	6	10	1	6	8	3	5	1	7	5	4	3	3	4
"Unclassified.Methylococcaceae.Family"	0	0	0	4	4	6	0	0	0	0	0	0	0	0	0	0	0	7	8	3	0	0	0	1	1	5	2
"Unclassified.Methylocystaceae.Family"	8	7	3	2	4	5	24	21	12	6	15	9	12	2	8	3	3	6	2	2	3	0	4	2	2	1	6
"Unclassified.Methylophilaceae.Family"	0	0	0	0	0	0	9	0	2	0	0	2	2	3	2	3	0	0	5	0	0	0	0	0	2	3	0
"Unclassified.Microbacteriaceae.Family"	223	253	155	8	17	7	125	130	109	88	123	127	78	28	94	44	9	26	15	11	21	12	16	9	14	9	11
"Unclassified.Micrococcaceae.Family"	689	1205	624	50	96	35	551	579	268	357	498	528	320	193	359	231	272	159	196	181	116	322	186	198	224	335	286
"Unclassified.Micromonosporaceae.Family"	1139	1470	666	1620	1690	1288	1164	1083	1206	985	1276	1200	874	184	1538	500	1731	1769	1709	1305	1778	1846	1438	1685	1610	1532	1763
"Unclassified.Mycobacteriaceae.Family"	33	60	19	46	39	39	58	68	45	61	69	78	58	14	53	22	30	32	36	25	27	40	26	38	32	30	32
"Unclassified.Myxococcaceae.Family"	7	24	4	28	36	44	22	21	26	22	13	20	17	10	24	9	34	38	31	24	41	36	20	35	23	32	30
"Unclassified.Myxococcales.Order"	462	641	347	889	859	726	980	801	745	883	963	903	879	177	939	374	856	884	848	586	979	863	757	897	899	823	882
"Unclassified.Nannocystaceae.Family"	0	0	0	3	7	0	0	3	2	3	0	0	0	0	0	0	3	7	0	0	4	1	2	2	1	2	7
"Unclassified.Neisseriaceae.Family"	0	4	0	0	2	0	0	0	0	2	0	0	0	1	2	0	1	4	2	4	3	0	2	15	7	2	3
"Unclassified.Nocardiaceae.Family"	13	20	13	17	32	22	8	9	5	8	10	10	11	2	10	2	23	14	17	15	38	20	16	22	87	24	25
"Unclassified.Nocardioidaceae.Family"	580	594	503	526	447	428	473	380	247	254	401	408	286	66	261	150	650	636	705	508	571	700	545	574	546	763	809
"Unclassified.Opitutae.Class"	0	0	0	0	3	0	0	0	0	2	0	3	4	1	1	0	3	1	0	2	3	6	3	2	2	0	3
"Unclassified.Oxalobacteraceae.Family"	1551	1835	1161	114	88	28	240	292	194	467	281	350	197	150	200	171	239	180	473	237	85	185	126	474	122	100	294
"Unclassified.Paenibacillaceae.1.Family"	350	440	274	165	148	92	417	391	399	325	390	371	313	126	542	166	162	182	153	115	175	135	151	144	152	134	145
"Unclassified.Paenibacillaceae.2.Family"	75	110	71	51	46	23	134	119	75	80	115	113	69	15	131	40	35	52	52	25	40	53	36	53	46	37	38
"Unclassified.Parachlamydiaceae.Family"	87	89	50	245	256	165	154	128	162	118	138	144	120	42	154	62	336	348	328	255	318	371	324	344	362	310	391
"Unclassified.Peptococcaceae.1.Family"	0	0	0	3	2	0	0	0	0	0	0	0	0	0	0	0	2	0	4	2	0	0	2	4	2	4	0
"Unclassified.Peptostreptococcaceae.Family"	15	7	6	20	10	16	1	2	0	6	5	5	3	1	3	3	20	20	12	8	8	7	11	18	23	16	9
"Unclassified.Phycisphaerae.Class"	0	0	2	31	29	41	3	0	0	0	0	0	0	0	1	0	31	31	35	24	37	28	26	26	26	40	30
"Unclassified.Phyllobacteriaceae.Family"	15	44	10	14	22	15	21	26	21	9	24	10	14	4	40	13	25	26	24	21	24	26	25	40	41	21	23
"Unclassified.Planctomycetaceae.Family"	1343	2120	1179	3338	3264	2668	2642	2941	1845	2521	2850	2823	2541	448	3337	1164	3576	3760	3285	2568	3667	3345	3220	3677	3585	3598	3788
"Unclassified.Planctomycetes.Phylum"	4	6	8	23	39	23	9	9	7	11	12	8	9	2	14	1	47	43	33	35	36	37	28	42	39	38	29
"Unclassified.Planctomycetia.Class"	12	9	9	15	27	15	11	15	13	21	8	20	13	1	21	7	28	23	20	18	24	26	15	14	20	23	21
"Unclassified.Planococcaceae.Family"	376	468	287	216	188	137	490	454	398	380	609	542	355	69	620	176	211	191	178	136	189	230	169	211	226	206	208
"Unclassified.Polyangiaceae.Family"	23	37	34	100	116	92	100	145	83	166	116	107	74	43	83	66	114	126	132	98	117	117	94	97	123	100	127
"Unclassified.Promicromonosporaceae.Family"	103	59	27	2	0	0	28	29	12	16	30	28	34	5	19	11	0	0	0	0	2	1	0	0	0	0	2
"Unclassified.Propionibacteriaceae.Family"	19	22	17	62	67	64	29	51	47	13	34	25	22	4	33	11	74	70	57	57	59	65	73	60	65	71	65
"Unclassified.Proteobacteria.Phylum"	1229	1395	832	2873	2911	2402	2149	2257	1566	2245	2601	2398	1919	1747	2077	2330	2661	2763	2626	1887	2864	2813	2391	2987	2816	2868	2663
"Unclassified.Pseudomonadaceae.Family"	3	9	9	0	3	0	0	0	3	0	2	0	0	100	0	96	0	15	4	3	3	0	4	107	42	0	1
"Unclassified.Pseudonocardiaceae.Family"	250	439	272	99	91	89	402	372	268	309	381	371	254	82	337	139	85	92	90	63	106	82	64	84	100	84	90
"Unclassified.Rhizobiaceae.Family"	30	43	23	29	24	15	84	143	87	477	99	197	55	6294	26	5347	79	140	100	98	95	68	72	158	145	110	119
"Unclassified.Rhizobiales.Order"	3806	4701	2683	26328	27625	24245	8384	8647	5757	8763	8577	8294	6592	48725	7744	44827	23959	22433	24024	17016	23340	23238	20147	22890	24110	24330	21797
"Unclassified.Rhizobiales_incertae_sedis.Family"	28	45	15	75	69	62	46	64	38	47	51	50	30	5	33	17	63	55	57	54	54	52	64	54	77	65	65
"Unclassified.Rhodobacteraceae.Family"	4	9	3	13	14	11	3	5	8	18	17	17	2	0	0	0	21	16	17	11	16	12	5	12	11	9	12
"Unclassified.Rhodobiaceae.Family"	92	139	79	2518	2630	2404	180	188	141	154	177	155	165	25	200	60	2811	2480	2871	1931	2401	2688	2212	2508	2370	2458	2436
"Unclassified.Rhodocyclaceae.Family"	6	34	8	28	26	17	30	27	24	21	27	20	21	2	33	11	14	20	15	17	24	16	23	20	15	19	20
"Unclassified.Rhodospirillaceae.Family"	134	169	113	341	378	305	252	241	229	225	261	230	227	39	295	113	355	346	346	244	328	356	317	372	333	330	359
"Unclassified.Rhodospirillales.Order"	753	1055	606	620	683	614	1107	1175	872	1028	1087	1095	1054	188	1258	452	611	581	549	428	606	657	555	644	628	584	575
"Unclassified.Ruminococcaceae.Family"	68	56	17	152	130	78	31	25	18	19	31	39	19	4	25	15	124	165	150	119	131	107	110	148	109	136	184
"Unclassified.Selenomonadales.Order"	2	0	0	0	0	2	0	0	2	2	0	0	0	0	0	0	2	3	2	3	0	1	2	2	4	2	4
"Unclassified.Sinobacteraceae.Family"	28	35	13	85	63	83	46	33	51	32	41	37	45	6	41	15	82	78	71	63	111	76	65	96	99	66	84
"Unclassified.Solirubrobacterales.Order"	805	1335	744	156	156	175	1525	1590	1050	1241	1393	1359	1199	181	1512	475	194	195	209	139	202	193	150	179	189	167	231
"Unclassified.Spartobacteria.Class"	182	211	165	722	824	771	379	349	357	384	368	428	336	107	400	155	981	903	807	656	867	873	946	908	955	1046	872
"Unclassified.Sphaerobacteraceae.Family"	47	114	43	48	42	51	105	108	55	78	103	88	82	14	129	40	69	89	78	56	83	92	65	94	68	58	86
"Unclassified.Sphingobacteriaceae.Family"	127	161	97	15	17	10	84	118	56	78	87	109	68	24	62	32	23	22	22	14	17	35	20	28	55	53	23
"Unclassified.Sphingobacteriales.Order"	8	12	6	7	0	0	7	15	8	13	14	18	13	5	6	6	4	5	3	4	2	4	4	6	5	7	3
"Unclassified.Sphingomonadaceae.Family"	1722	2386	1628	549	554	416	3471	3300	2384	2110	2831	3122	2462	555	2231	1010	787	927	1209	894	765	935	748	916	806	902	1417
"Unclassified.Sphingomonadales.Order"	137	156	124	40	34	31	452	367	234	238	344	370	144	125	183	139	118	148	188	145	108	106	109	103	157	141	240
"Unclassified.Streptomycetaceae.Family"	242	511	259	349	384	287	421	406	234	284	427	376	335	70	420	139	278	370	321	234	315	271	226	307	322	344	369
"Unclassified.Streptosporangiaceae.Family"	197	344	224	152	162	126	316	296	300	249	298	290	476	51	366	158	192	136	166	197	149	179	156	163	161	152	387
"Unclassified.Subdivision3.Class"	41	35	34	83	78	52	63	84	88	76	66	63	69	12	86	29	50	88	60	46	59	72	48	65	69	91	61
"Unclassified.Syntrophobacteraceae.Family"	0	0	0	6	3	0	0	0	0	0	0	0	0	0	0	0	2	4	5	4	1	0	6	7	2	2	9
"Unclassified.Thaumarchaeota.Phylum"	3	0	2	0	0	0	0	2	2	2	3	4	4	0	9	0	0	0	0	0	0	0	0	0	0	0	0
"Unclassified.Thermoactinomycetaceae.1.Family"	11	20	8	73	79	46	20	12	20	17	19	22	14	5	28	10	66	78	127	69	56	61	67	73	74	68	80
"Unclassified.Thermomicrobia.Class"	20	28	15	25	31	31	21	33	19	22	21	22	23	3	22	11	39	28	40	40	42	45	42	40	41	41	39
"Unclassified.Thermomonosporaceae.Family"	153	132	60	92	114	78	161	142	121	111	161	143	169	20	165	60	92	98	111	77	97	130	89	89	105	77	109
"Unclassified.Thermoplasmata.Class"	10	12	4	0	6	0	50	89	48	180	49	63	90	14	77	32	0	0	0	0	0	0	0	0	0	0	0
"Unclassified.Veillonellaceae.Family"	8	16	4	36	23	14	16	19	10	9	7	11	7	2	19	4	24	37	35	37	31	15	23	42	34	38	51
"Unclassified.Verrucomicrobia.Phylum"	242	315	216	1215	1404	1200	512	447	579	551	477	521	455	130	542	231	1406	1281	1210	880	1397	1450	1245	1563	1567	1594	1230
"Unclassified.Verrucomicrobiaceae.Family"	6	3	4	16	11	9	45	31	35	71	76	66	37	15	8	17	58	65	61	42	88	65	65	159	106	115	60
"Unclassified.Woesearchaeota.Phylum"	0	0	2	0	0	0	7	23	22	22	15	19	11	4	15	6	0	2	0	2	0	0	0	0	0	0	0
"Unclassified.Xanthobacteraceae.Family"	2	0	2	7	9	10	9	8	5	13	15	7	6	2	7	6	7	12	8	7	7	7	11	40	13	10	10
"Unclassified.Xanthomonadaceae.Family"	118	154	82	573	613	516	258	328	163	245	355	244	234	72	244	130	414	422	677	423	457	825	490	632	609	593	581
"Unclassified.Xanthomonadales.Order"	3	6	2	89	122	48	20	27	20	22	15	15	12	0	16	1	11	31	27	14	27	27	20	27	35	37	26
"Vampirovibrio"	21	45	19	23	14	15	70	121	156	72	84	71	104	24	105	44	17	12	21	17	18	11	15	27	21	16	17
"Variibacter"	0	2	0	2	0	0	10	4	0	5	4	2	3	0	3	0	0	0	0	0	0	0	2	0	0	1	2
"Variovorax"	0	2	0	2	5	5	6	5	2	46	6	22	5	52	3	43	10	13	12	8	12	8	12	10	31	13	12
"Vasilyevaea"	12	19	15	12	4	2	25	51	19	20	48	40	33	11	14	14	28	30	37	27	41	18	24	54	29	28	31
"Verrucosispora"	0	2	0	0	5	2	5	3	0	0	0	0	3	0	2	0	1	4	3	5	3	0	2	1	3	0	0
"Virgisporangium"	3	0	2	0	0	0	5	0	2	5	4	3	4	0	2	0	3	2	2	2	0	0	0	0	1	0	0
"Vulgatibacter"	32	46	20	10	9	21	30	41	15	16	30	30	44	4	37	15	19	18	13	9	9	12	13	18	9	21	5
"WPS.1_genera_incertae_sedis"	513	722	478	391	380	360	1225	1300	1072	958	1056	1080	1043	213	1143	449	595	662	557	488	667	771	606	689	762	801	730
"WPS.2_genera_incertae_sedis"	414	573	320	19	8	15	859	937	802	639	864	567	807	112	889	287	17	13	29	14	18	34	17	25	34	18	28
"Xenophilus"	0	4	0	2	2	2	0	0	0	3	2	2	0	2	0	0	1	0	0	0	0	0	0	9	2	4	1
"Zavarzinella"	56	91	59	44	85	54	119	102	79	108	115	128	97	14	124	49	55	72	59	49	66	41	46	69	43	64	73
"Zhizhongheella"	0	0	0	0	0	0	3	3	0	4	2	0	0	1	0	2	0	0	0	0	1	0	3	0	2	0	0
