"BulkRAG1"	"BulkRAG2"	"BulkRAG3"	"BulkTP1"	"BulkTP2"	"BulkTP3"	"RAG1"	"RAG10"	"RAG12"	"RAG2"	"RAG3"	"RAG4"	"RAG5"	"RAG6"	"RAG7"	"RAG8"	"RTP1"	"RTP10"	"RTP11"	"RTP12"	"RTP2"	"RTP3"	"RTP4"	"RTP5"	"RTP6"	"RTP7"	"RTP9"
"1174-901-12"	0	0	0	0	0	0	2.80515139123755	2.77570393923674	0	0	2.85158557905686	2.68721921493295	3.05313459727169	2.60511137319679	0	0	0	0	0	0	0	0	0	0	0	0	0
"1921-3"	0	0	0	0	0	0	0	0	0	0	2.95362258762018	0	0	0	0	0	0	0	0	0	0	0	0	0	0	0	0
"Achromobacter"	0	0	0	0	0	0	0	0	0	0	0	0	0	2.7304658460386	0	2.6337393065164	0	0	0	0	2.35069027506264	0	0	0	0	0	0
"Acidibacter"	2.85100665687384	2.74590392239279	2.78777190700349	0	0	2.78040471225958	2.76573220246966	2.83066484043264	2.85832245938995	2.73004166293831	2.83574411087399	2.73834700920119	3.00125148064398	2.29407767457975	2.90935843440113	2.64532270135993	0	0	2.78812363907802	0	2.8000610267751	0	0	0	0	2.62219895267435	0
"Acidicapsa"	0	0	0	0	0	0	0	0	3.13560658240493	3.1034764173112	0	0	0	0	3.09464669927392	0	0	0	0	0	0	0	0	0	0	0	0
"Acidipila"	3.54881309843356	3.13832784180065	0	0	0	0	0	0	0	0	0	0	0	3.0831124073191	0	0	0	0	0	0	0	0	0	0	0	0	0
"Acidothermus"	3.4824762435264	3.23726071366245	0	3.1548670972793	3.17741972728064	3.16509203388955	3.32615620327215	3.54061114674003	3.67801497663648	3.3475904886383	3.492307541863	3.10824808557616	3.36364889572016	3.08855086681392	3.36051358744835	0	3.01299519738411	2.95968486195139	2.88666543853617	2.95556246151041	3.03867947957088	2.87016466869343	3.00329457159825	2.85998113655824	2.93220461758087	3.03272820967447	2.89144224855432
"Acidovorax"	0	0	0	0	0	0	0	0	0	0	0	0	0	0	0	0	0	0	0	0	0	0	0	2.60396121734266	0	0	0
"Acinetobacter"	0	0	0	0	0	0	0	0	0	0	1.65282950125759	0	0	0	0	0	0	0	0	0	0	0	0	0	0	0	0
"Actinoallomurus"	0	0	2.82085559047371	2.85529598693246	2.76168408468294	2.68898323714588	2.60061339201111	2.66456021624209	0	2.66392354054297	2.5864136714116	2.68385691252182	2.82662675193002	0	2.79608758545866	2.73257757048604	2.69503830135422	2.69793859821206	2.85114525702171	2.78124374543502	2.72330787493515	2.73274004633575	2.69617755524994	2.67261689339381	2.74699323631988	0	2.6754782988822
"Actinoalloteichus"	0	2.92613909767386	3.16830932397546	0	0	0	2.9326227695142	2.8661294753065	3.02427083490992	2.72344184467031	2.85906315209032	0	0	0	0	0	0	0	0	0	0	0	0	0	0	0	0
"Actinomadura"	0	0	0	0	0	0	0	0	0	2.79975627144049	0	0	0	0	0	0	0	0	0	0	0	0	0	0	0	0	0
"Actinomycetospora"	0	2.32996507603462	2.52048113739316	0	0	0	0	2.45716835045982	0	0	0	0	0	0	0	0	0	0	0	0	0	0	0	0	0	0	0
"Adhaeribacter"	0	0	0	0	0	0	0	0	0	0	0	0	0	0	0	0	0	1.72618221687986	1.83469496103838	0	0	0	0	0	0	0	0
"ADurb.Bin063-1"	0	2.73394443198494	0	2.96660722414928	2.93612398626967	2.90439906808421	2.63094475664153	0	0	0	2.67058696606609	2.59914994083215	2.69562029435944	0	2.69357011370724	0	0	0	2.79453547178256	0	0	2.74775811622729	0	2.81725273000951	0	2.80142177067724	0
"AKYG587"	0	0	0	2.24262219648723	2.1610386025657	0	0	0	0	0	0	0	0	0	0	0	2.22138292117484	2.33296845840201	2.23606186189086	2.29864329307765	2.31709817620748	2.24338299574088	2.29845428458792	2.25860426853831	2.18123962926252	2.30733628941912	2.24283431314113
"Alicyclobacillus"	0	0	2.29053857628031	0	0	0	2.27168695605004	0	2.00051033284101	1.97212713641607	2.1666171821361	2.12907994767782	2.24475622054602	0	0	1.86271052779403	0	0	0	0	0	0	0	0	0	0	0
"Allorhizobium-Neorhizobium-Pararhizobium-Rhizobium"	0	0	0	0	0	0	0	2.82629553537181	0	3.28179990061363	1.07178167796299	3.01288086706806	0	4.68630341705783	0	4.62533828453712	2.5363015262118	2.95815823127357	2.817015644888	0	2.82651837892467	0	2.80072553853175	2.75733001338829	2.65993689950615	0	0
"Ammoniibacillus"	0	0	0	0	0	0	0	0	0	0	0	0	0	0	0	0	0	0	0	0	0	2.99554286966704	0	0	0	0	0
"Ammoniphilus"	2.74059440103583	2.7369653214229	2.82188195596803	0	0	2.44629757880048	2.63554604559471	2.54415965995172	2.59930469374155	2.41898742357337	2.52696795156905	2.54597564880892	0	0	2.6139519384332	0	0	0	0	2.97434563989547	0	0	2.8719773192177	0	2.86727086297313	2.78085509354912	0
"Amycolatopsis"	0	2.79598547458103	3.06273014083281	0	0	0	0	0	0	0	2.66118936238358	2.67705319267983	0	0	0	0	0	0	0	0	0	0	0	0	0	0	0
"Anaerobacillus"	0	0	0	2.8443949981816	2.85014403885799	2.75526415385069	0	0	0	0	0	0	0	0	0	0	2.9198074678511	2.9153326669686	2.90862394453136	0	2.76958259869233	2.88514184052761	2.78047293524792	2.73783467059228	2.81646127957023	2.81168941222637	2.83225336770327
"Anaerocolumna"	0	0	0	0	0	0	0	0	0	0	0	0	0	0	0	0	2.37909061213748	0	0	0	0	0	0	2.38848196142412	0	0	2.46102541343113
"Anaerolinea"	0	0	0	0	0	0	0	0	0	0	0	0	0	0	0	0	0	0	0	0	0	0	0	2.15330720829424	1.86448635906867	2.27365151469738	0
"Anaeromyxobacter"	2.64792502998826	2.71851651555003	2.70360270181367	2.42103114099314	2.26727836389347	0	2.5688938227779	2.69233094842715	2.58109029769518	2.64041771390186	2.56231950579235	2.53849298532528	2.58031715121231	1.98106146844376	2.63635945807436	2.46027914950941	2.13022589412073	0	2.20318492958138	2.28447562915764	2.17657312454488	0	0	2.37336434410211	0	2.0796729962729	2.3604683720503
"Anoxybacillus"	0	0	0	0	0	0	0	0	0	0	0	0	0	0	0	0	0	0	0	0	0	0	0	2.40149182588965	0	0	0
"Aquicella"	0	0	0	0	2.51117961624436	2.52631731935396	1.97472426043282	0	0	0	0	2.05247369728593	2.31094067916328	0	2.14439617889172	0	2.49998277923673	2.62317817706842	2.71533451211049	2.65883126164398	2.5733797640977	2.58693333496796	0	2.60396121734266	2.60541643436308	2.50383481240612	0
"Aquisphaera"	2.99491301081953	2.83611869073193	0	0	0	0	0	0	0	0	2.87543131630566	0	0	0	0	0	0	0	0	0	0	0	0	0	0	0	0
"Asticcacaulis"	0	0	0	0	0	0	0	0	0	0	0	0	0	1.78364932192143	0	0	0	0	0	0	0	0	0	0	0	0	0
"Atlantibacter"	0	0	0	0	0	0	0	0	0	1.5140728489761	0	0	0	0	0	0	0	0	0	0	0	0	0	0	0	0	0
"Bacillus"	3.99626533515975	3.94010291738742	4.11037289197413	3.88226959832052	3.93121018186671	3.66225233050869	3.94218328625853	3.89888651813553	4.06314962054033	3.98913182462507	3.93275536783324	3.99369731962048	3.99086902313325	3.36484227633823	4.05110722459477	3.62134327635755	3.78961614148956	3.92855074631413	3.82747380151784	3.94604250970594	3.94508710861412	3.89294230713716	3.95528942303246	3.9192080997966	3.88923450438781	3.80945710212285	3.89937562651442
"Bdellovibrio"	0	2.04783962390116	0	1.60567521254332	0	0	2.48150991260496	2.34162202032549	0	2.35191021273039	2.46386901821381	2.5112392152628	2.65309848015304	2.29547829662426	2.19550395739528	2.30738134428115	1.93305223031879	1.97192727469342	0	0	0	0	0	2.24041845161382	0	0	2.00099445770018
"BMM02"	0	0	0	0	0	0	0	0	2.34286614487733	0	0	0	0	0	0	0	0	0	0	0	0	0	0	0	0	0	0
"Bradyrhizobium"	0	0	0	0	2.63278507573455	0	2.95034664545163	2.66535609366423	0	2.82392125578098	0	0	3.07608036098091	0	0	0	3.02040503419367	0	2.97383010953886	0	0	2.76972366501382	0	2.66830474878452	2.65819656662686	2.80897502243856	2.34189159076006
"Brevibacillus"	2.44035289431224	0	2.54829967546105	2.33331772446383	0	0	0	0	2.47302928696323	2.24067121582294	0	2.30084532612312	2.33249647168554	0	2.4286333765574	0	0	0	0	0	2.15492482730697	0	0	0	0	0	0
"Bryobacter"	3.69773822598637	3.63471659310832	3.7983166341246	0	0	0	3.71015848223719	3.69917969787626	3.72682444537376	3.56584137560834	3.69453821347379	3.65403095534979	3.67309363140415	3.08334037471343	3.6826886523332	3.39452071396576	0	0	0	0	0	2.79968692770993	0	0	0	0	0
"Burkholderia-Caballeronia-Paraburkholderia"	3.15088864823132	2.73318591490755	2.90891311738007	0	0	0	2.54040936554953	2.70774660821807	0	2.32853640409016	2.59755450702092	3.03568966810488	3.22101824988494	0	2.57950770646841	2.66858794661575	0	0	0	0	0	0	0	0	0	0	0
"Byssovorax"	0	0	0	0	0	0	0	0	0	0	0	0	0	0	0	0	2.63295881949825	0	0	0	0	0	0	0	0	0	0
"Caenimonas"	0	2.715364057304	2.82392743868412	0	0	0	0	0	2.83080140522796	0	0	2.47892564029572	2.74622514265711	0	2.58935276071245	0	0	0	0	0	0	0	0	0	0	0	0
"Candidatus_Alysiosphaera"	0	0	0	0	0	0	1.71472446179958	0	0	0	0	0	0	0	0	0	0	0	0	0	0	0	0	0	0	0	0
"Candidatus_Babela"	0	0	0	0	0	0	0	0	0	0	1.90127222547533	0	0	0	0	0	0	0	0	0	0	0	0	0	0	0	0
"Candidatus_Berkiella"	0	0	0	0	0	0	0	0	0	0	0	0	0	0	0	0	0	0	0	0	0	0	0	0	0	0	2.59979247059492
"Candidatus_Koribacter"	3.70154917975217	3.63832067217011	3.71216677129391	3.4497219596126	3.45803217608228	3.40860216872631	3.67134269511541	3.6252651520754	3.81761469637654	3.55697407710948	3.63236215924989	3.57511473480982	3.77585443790933	2.98617804273076	3.73970639035412	3.40204529755152	3.30563777954767	3.32767961455483	3.27699345717582	3.35367447188812	3.32859490727479	3.34395227961828	3.45206124975709	3.25800738391282	3.29896170958598	3.2894909152563	3.34474288739367
"Candidatus_Nostocoida"	0	0	0	0	0	0	0	0	0	0	0	0	0	0	2.866806353803	0	0	0	0	0	0	0	0	0	0	0	0
"Candidatus_Protochlamydia"	0	0	0	0	0	0	0	0	0	0	0	0	0	0	0	0	0	0	0	0	0	2.49170750387212	0	0	0	0	0
"Candidatus_Solibacter"	3.58002481198205	3.4540324046676	3.52176262875204	3.4467772969614	3.38086751310728	3.334882833029	3.55864762876157	3.5632202722286	3.5726759767765	3.49172927485838	3.58505129854424	3.52352117835558	3.53339672675681	3.01725016008442	3.62212209561698	3.29973194710971	3.25233747197753	3.34012604459502	3.3009447740452	3.34780188995621	3.2934066974299	3.14429779618916	3.31635247185316	3.29372747458306	3.34525534817039	3.38725605027795	3.34053240654508
"Candidatus_Udaeobacter"	3.32434154984747	3.24597252406889	3.38032631700735	4.10013168156897	4.10422769871458	4.15221173207519	3.42205976505716	3.430744867188	3.49646103750701	3.41639336306325	3.41356371510715	3.45843122410967	3.50544513292442	2.79523735400353	3.52297554264267	3.15931814580138	4.1304317871551	4.09893006368369	4.07617832629216	4.09231343754825	4.06592007665854	4.12511188676035	4.12122180741524	4.10261300530971	4.1290905674209	4.16064912154758	4.09005900672107
"Candidatus_Xiphinematobacter"	0	0	0	2.76785318909369	2.76668660555563	2.99207642404897	0	0	0	0	0	0	0	0	0	0	0	2.8963582499484	2.84054142534325	0	2.88103822843916	2.82447224270823	0	2.85210588396121	2.79979344813191	2.87514407472752	2.79748769443737
"Cellvibrio"	0	0	0	0	0	0	0	0	0	0	0	0	0	0	0	0	0	2.22897821051532	0	0	0	0	2.13820456022675	0	0	0	0
"Chitinophaga"	0	0	0	0	0	0	0	0	0	0	0	0	0	2.94463062886706	0	2.90612681763468	0	0	0	0	0	0	0	0	2.40507704487701	0	0
"Chryseobacterium"	0	0	0	0	0	0	0	0	0	3.83048059525445	0	3.2461811429625	0	2.69181603461004	0	2.5373481240285	0	0	0	0	0	0	0	0	1.81271949432839	0	0
"Chthoniobacter"	0	0	0	0	0	0	0	0	2.54940181017142	1.9582682253498	0	0	2.38316468808952	2.2754461993726	0	0	0	0	0	0	0	0	0	0	0	0	0
"Chujaibacter"	0	0	0	0	0	0	0	0	0	2.25512747141439	0	0	0	0	0	0	0	0	0	0	0	0	0	0	0	0	0
"Chungangia"	0	0	0	0	0	0	0	0	0	1.5515692250458	0	0	0	0	0	0	0	0	0	0	0	0	0	0	0	0	0
"Ciceribacter"	0	0	0	0	0	0	0	2.4987734309966	0	2.85403290305595	0	0	0	2.54883683130295	0	0	0	0	0	0	0	0	0	0	0	0	0
"Citricoccus"	0	0	0	2.85220923866166	2.73754544622443	0	0	0	0	0	0	0	0	0	0	0	2.9633459199022	0	0	2.86920097595568	0	2.95699512472877	2.9002433364984	0	2.83657947679562	0	2.96312822265399
"Clostridium_sensu_stricto_10"	0	0	0	0	0	0	0.40102534348396	2.61212927760745	0	0	0	0	0	0	0	0	0	0	0	0	0	0	0	0	0	0	0
"Clostridium_sensu_stricto_5"	0	2.70495760439517	0	0	0	0	0	0	0	0	0	0	0	0	0	0	0	0	0	0	0	0	0	0	0	0	0
"Clostridium_sensu_stricto_8"	0	0	0	0	0	0	0	0	0	2.43100659025778	0	0	0	0	0	0	0	0	2.92365551293579	3.05528481497604	0	2.8618808625607	0	0	0	2.8774758926264	3.04307074470791
"Cohnella"	2.77395969294716	2.68844431988597	2.72205029883099	0	0	0	0	2.57361944565586	0	2.54412171859285	2.60008538440696	2.57899860094699	2.69965216732364	0	2.76733856106162	0	2.46623585560929	2.69514532739427	0	0	2.72416369759925	0	0	0	0	0	0
"Conexibacter"	3.73814319082797	3.45676694165505	0	2.80565835549774	0	0	3.39451564049899	3.67915904619417	3.5325394059813	3.60757082065782	0	3.65684177770245	0	0	3.61327659271304	0	0	0	0	0	0	0	3.0222993365599	0	3.02124069181887	0	0
"Coxiella"	0	0	0	0	0	0	0	0	0	0	0	0	0	0	2.09566010148771	0	0	0	0	0	0	0	0	0	0	0	0
"Crossiella"	2.79454026664332	2.45870190800847	0	0	0	0	2.51699778296437	2.66216379534376	0	2.70554573190896	2.59500879429763	2.58242276135431	2.70065431402674	2.85003345084227	2.80860502785531	0	0	0	0	0	0	0	0	0	0	0	0
"Cupriavidus"	0	0	0	0	0	0	0	0	0	2.86812377329555	0	0	0	2.97050593758769	0	0	0	0	0	2.57340984767903	0	0	0	2.77935654268701	0	0	0
"Cytophaga"	0	0	0	0	0	0	0	0	0	0	0	0	0	0	0	0	0	0	0	0	0	0	0	0	1.56396709228894	0	0
"Dactylosporangium"	2.92073867332011	0	0	0	0	0	1.9782037099707	0	2.71004382157338	0	0	0	0	0	2.60839761507302	0	0	0	0	0	0	0	0	0	0	0	0
"Deinococcus"	0	0	0	1.04730616642081	0	0	0	0	0	0	0	0	0	2.00627380070256	0	0	1.60640182580549	1.93590320257347	1.88271238694769	1.87166610017473	0	1.43169784860543	1.58613991585207	1.57128023299511	1.49356613195277	0	2.1283108521693
"Desulfosporosinus"	0	0	0	0	0	0	0	0	0	0	0	0	0	0	0	0	0	1.77545791182692	0	0	0	0	0	0	0	0	0
"Dokdonella"	0	0	0	0	0	0	0	0	0	0	0	0	0	0	0	0	0	0	0	0	0	0	0	0	2.37934252840818	0	0
"Dongia"	0	0	0	2.60827275679809	2.54145161978499	0	0	0	0	0	2.41390860649939	0	0	0	2.39797986932061	0	2.33194394305063	0	0	0	0	0	0	0	0	0	0
"Dyadobacter"	0	0	0	0	0	0	1.54593813781839	1.31148116381027	0	2.3085729509936	1.90960054476723	2.06105504959317	0	2.80051453223612	0	2.6305258328427	0	1.75964584537532	1.54706396266657	1.78991877030247	1.29614296999906	0	0	0	1.81271949432839	0	1.85382443269268
"Dyella"	0	0	0	0	0	0	0	0	0	0	2.39138042557132	2.31998510003638	0	0	0	0	0	0	0	0	0	0	0	0	0	0	0
"Ellin6067"	0	2.57569202063562	0	0	0	0	2.82924830214414	2.69307756923281	0	2.7763134348368	2.81213524545844	2.75585343729861	2.79638870054613	0	2.99146899296904	0	0	0	0	0	0	0	0	0	0	0	0
"Ensifer"	0	0	0	0	0	0	0	0	0	0	0	0	0	0	0	0	0	0	0	0	0	0	2.78584794979297	0	0	0	0
"Fictibacillus"	2.67395966066177	2.80185831093342	2.96103048657324	2.97016320628978	2.89185397038103	2.49013811087381	2.84507190961295	2.55964673667567	2.81635798806891	2.60932156006627	2.84253543174599	2.85919769424717	2.84853358915035	2.22421547989058	2.85693144733445	2.33795567078968	2.91201969310262	3.02335822954155	2.96799968442199	3.0183623578396	2.88518874870378	2.88514184052761	2.93380396449063	3.00705175446236	2.94769897048544	2.96557740270519	2.98140271263555
"Fimbriimonas"	0	0	0	0	0	0	0	0	0	0	0	0	0	1.75061540136615	0	0	0	0	0	0	0	0	0	0	0	0	0
"Flaviaesturariibacter"	0	0	0	0	0	0	0	0	0	0	0	0	0	0	0	2.34837361436666	0	0	0	0	0	0	0	0	0	0	0
"Flavisolibacter"	3.01032505775193	2.84324761187136	0	0	0	0	3.00349332961588	3.14502479895748	3.12167311147058	2.77255029774797	2.85952625305715	3.08017417243213	3.04460434673225	2.22913072259056	2.95445623623671	0	0	0	2.6907846939767	0	0	2.68068171814341	2.63643067353622	0	2.43084578317143	2.67809405962064	0
"Flavitalea"	0	0	0	0	0	0	2.61364358635506	0	0	0	0	0	0	0	0	0	0	0	0	0	0	0	0	0	0	0	0
"Flavobacterium"	0	0	0	2.28464820531832	2.19013245159801	2.66310219461797	0	0	0	0	0	0	0	1.9090730516078	0	1.93239703636639	2.4000232423969	2.41145445784432	2.38556830921073	2.40885003877329	2.20855118120647	2.39479721119375	2.34508640452392	2.27819241195364	2.25334989215347	2.33658003348973	2.28327775251432
"G12-WMSP1"	0	2.63761330616622	3.06566402533242	0	0	0	0	3.05712330885504	0	2.63303606975272	2.9122036875283	0	0	2.42612218981794	2.85376582355575	0	0	0	0	0	0	0	0	0	0	0	0
"Ga0074140"	0	0	1.6951015323809	0	0	0	0	0	0	0	0	0	0	0	0	0	0	0	0	0	0	0	0	0	0	0	0
"Gaiella"	3.5979999113338	3.68246896320723	3.74519305525588	4.23199670097659	4.20516665194203	4.30690557906018	3.77374885001697	3.79271981378899	3.65543558603276	3.66070678824388	3.80502214698181	3.89108862073689	3.98190013837237	3.23364354464426	3.77149669295411	2.95917855017903	4.24969410912078	4.21076188879639	4.24144751129049	4.2754894186279	4.21520093487289	4.19213315400075	4.23082032074336	4.18906072755178	4.159599689533	4.15745699272225	4.20183639921475
"Gemmata"	2.2639675119434	0	0	0	0	0	2.52788496856193	2.33316191892861	0	2.18591108890653	2.2532289968535	2.06105504959317	2.53292262539711	1.84696329334325	2.17577654864737	1.9159954346287	0	0	0	0	0	0	0	0	0	0	0
"Gemmatimonas"	3.23836595665925	2.95623026363416	0	0	0	2.35087188409635	3.26009808604222	3.00070379446828	2.83600386669478	2.4250385846249	0	3.17303599055431	2.53439299535673	2.59188818503998	2.44250319901895	0	0	0	0	0	2.36655967447223	0	0	0	0	0	0
"Gemmatirosa"	0	2.84029143623412	0	0	0	0	2.40564782522497	2.9306958843733	0	0	3.15136537645748	2.57206820750005	2.54740699836524	0	0	0	0	0	0	0	0	0	0	0	0	0	0
"Geobacillus"	0	0	0	0	0	0	0	0	0	0	0	0	0	0	0	0	0	0	0	2.43761717683868	0	0	0	0	0	0	0
"Geobacter"	0	0	0	0	0	0	0	0	0	0	0	0	0	0	0	0	0	0	0	2.23495214861445	0	0	0	0	0	0	0
"Geodermatophilus"	0	0	0	0	0	0	0	0	0	0	0	0	0	0	0	1.99243248965187	0	0	0	0	0	0	0	0	0	0	0
"Gluconacetobacter"	0	0	0	0	0	0	0	2.5409948514368	0	0	0	0	0	0	0	0	0	0	0	0	0	0	0	0	0	0	0
"Granulicella"	0	0	0	0	0	0	0	0	0	0	2.15034056453783	0	0	0	0	0	0	0	0	0	0	0	0	0	0	0	0
"Haliangium"	2.73404264971968	2.71615431974793	2.75793844159147	3.0842262097676	2.91010696919547	2.99082432634605	2.75019573331503	2.77260925109604	2.8262920062866	2.91723231898303	2.88688051954045	2.82399702276292	3.0237065842337	2.31328688379742	2.89898558689316	2.63267078838741	2.85559764509373	2.91701720394286	2.86759060468185	2.94859659255094	2.97013830351137	2.90289327400081	0	0	2.96309182858964	2.8572445563148	2.95958268232272
"Heliimonas"	0	0	0	2.39961062917899	0	0	0	2.39663362538885	0	0	0	0	0	0	0	0	0	0	0	0	0	0	0	0	0	0	2.46102541343113
"HSB_OF53-F07"	0	0	2.56156806450272	3.07039089361673	2.97986235320513	2.7595566171128	3.19559859571438	3.17652798520763	3.2857547306982	3.11785212130616	3.17078051907023	0	3.33418039939259	0	3.25503486457306	0	2.94722423510885	2.81303595312738	2.78569458450603	2.80031810923451	2.8596689284674	2.98397285572727	2.89818603581548	2.82092763141125	2.9741834051519	2.98004759334546	2.72533133068873
"Hydrogenispora"	0	0	0	0	0	0	0	0	0	0	0	0	0	0	0	0	0	0	0	0	0	0	0	0	0	2.32220426032424	0
"Hyphomicrobium"	0	2.59594214834656	0	0	3.20727783817162	3.17831978547574	2.65566906059205	2.80607072169925	0	2.68025339871968	2.90141110980298	2.7401297511578	0	0	0	0	3.05679626717363	2.81799178217472	0	0	3.15186103556765	2.93736263526843	0	3.17900781296762	0	2.78590936433485	0
"I-8"	0	0	0	0	0	0	0	0	0	0	0.940134755507565	0	1.36137512314096	0	0	0	0	0	0	0	0	0	0	0	0	0	0
"Iamia"	0	1.73960412568349	0	0	0	0	2.07696889975194	0	2.26223722899313	0	2.1666171821361	0	0	0	0	0	1.65635832988883	0	0	0	0	0	0	0	0	0	0
"Ilumatobacter"	0	0	0	0	0	0	0	0	0	0	0	0	0	0	0	0	0	0	0	0	0	0	0	0	2.42789233432565	0	0
"Intrasporangium"	0	0	0	0	0	0	0	0	0	0	0	0	0	0	0	0	0	0	0	0	0	0	0	0	0	0	2.74577500828883
"Jatrophihabitans"	3.28718783694581	2.79401008074471	3.34245115223685	0	0	0	3.03804619543722	0	3.23341566967681	0	3.06075013410701	2.95616791282104	2.9869920762933	0	3.00401240794697	0	0	0	0	0	0	0	0	0	0	0	0
"JCM_18997"	0	0	0	0	0	0	1.96411545985136	2.00785325007078	0	0	1.90960054476723	0	0	0	1.85972769377229	0	0	0	0	0	0	0	0	0	0	0	0
"Jeotgalibacillus"	0	0	0	0	0	0	0	0	0	0	0	0	0	0	0	0	0	0	0	0	2.10454797311759	0	0	0	0	0	0
"JGI_0001001-H03"	0	0	0	0	0	0	2.84365698825319	2.91352751578017	0	0	0	2.7765158966919	0	0	0	0	0	0	0	0	0	0	0	0	0	0	0
"Kallotenue"	0	0	0	0	0	0	0	0	0	1.8772226957511	0	1.69054907046547	0	0	0	0	0	0	0	0	0	0	0	0	0	0	0
"Kitasatospora"	2.86261665753227	2.98564629632353	1.66674180281774	0	0	0	0	0	0	0	0	0	0	0	0	0	0	0	0	0	0	0	0	0	0	0	0
"Kouleothrix"	0	2.75538420443171	0	0	0	0	2.94439383530782	2.39810740883732	0	2.57920993358208	2.85393618053694	2.75355961973355	2.812158179245	0	0	2.5478787206548	0	0	0	0	2.56482698436025	0	0	0	0	0	0
"Kribbella"	2.73514149515804	2.28549870383237	0	2.92478514990845	2.89741086974656	2.89590150851251	2.17973719242503	0	0	0	2.26247765827799	0	0	0	0	0	3.07552960195844	2.89163079037723	2.97540673410596	2.88843988003874	2.80149444098213	2.74463928699235	3.12487481546279	2.76710435699019	2.71683169951384	2.84676412421424	2.84035942361111
"Ktedonobacter"	0	3.00758173298924	0	0	0	0	0	0	0	0	0	0	0	0	0	0	0	0	0	0	0	0	0	0	0	0	0
"Lachnotalea"	0	0	0	0	0	0	0	0	0	0	0	0	0	0	0	0	0	0	0	0	2.5793873862007	0	0	0	0	0	0
"Lacunisphaera"	0	0	0	0	0	0	2.03345022088838	0	0	0	0	0	0	0	0	0	0	0	0	0	0	0	0	0	0	0	0
"Legionella"	0	0	0	0	2.41085847699273	0	0	0	0	0	2.15739108329691	0	0	0	0	0	2.44984629308328	2.5616976855567	2.53293258577632	0	2.61817328862956	2.73514611964973	2.69067030550041	2.61975277530943	2.72662379765664	2.61267666834199	2.57090403847076
"Leptolyngbya_EcFYyyy-00"	0	0	0	0	0	0	0	0	0	0	0	0	0	0	2.41865402248232	0	0	0	0	0	0	0	0	0	0	0	0
"Limisphaera"	0	0	0	0	0	0	0	2.49760496771361	0	0	0	0	0	0	0	0	0	0	0	0	0	0	0	0	0	0	0
"Limnobacter"	0	0	0	0	0	0	0	0	3.06666989143111	0	0	0	0	0	0	0	0	0	0	0	0	0	0	0	0	0	0
"Luedemannella"	0	0	0	0	2.96959360978332	0	0	0	0	0	0	0	0	0	0	0	0	0	0	0	3.01307410110213	0	0	0	2.94183974714079	0	0
"Luteolibacter"	0	0	0	0	0	0	0	0	0	2.4706328349006	0	2.00035673942039	0	0	0	0	2.0063584336083	1.98169390514099	0	2.04580764280731	0	1.86957396206915	1.9351876331738	2.3245718282832	2.25112950256205	2.47101432144259	2.02351645653133
"Lysinibacillus"	0	0	2.30762036928121	0	0	0	2.37339515746798	0	0	1.97889419847653	2.11326150253506	0	0	0	2.40991389822217	0	0	0	0	0	0	0	0	0	0	0	0
"Lysobacter"	0	0	0	0	3.23549632138337	3.26076566234376	0	0	0	0	0	0	0	0	0	0	3.02244108246445	3.16318120892651	2.93589200312856	3.18694142678846	2.91373503224429	0	3.25044541432394	2.91782843847023	3.19135803934963	3.07970431588346	2.96009096370306
"Marmoricola"	3.12662802110877	3.04246622283177	3.2261489732494	3.20782519993823	0	3.17175626913238	2.85161459990875	2.83445225214447	0	0	2.78880602444655	2.73715443598143	0	0	0	0	0	2.78281520871894	3.26477304232208	3.18286617837702	3.04891831805115	3.23156137304499	0	2.86109460502732	3.07015783705788	3.15979757430155	3.16833067351177
"Massilia"	3.10796496573909	3.3025034145929	2.9932875328735	0	0	0	0	0	0	0	0	0	0	0	0	0	0	0	3.09282152949038	0	0	0	0	3.2122022190336	0	0	0
"Mesorhizobium"	0	0	0	0	0	2.6061960762929	0	0	0	0	0	0	0	0	0	0	0	0	0	0	0	0	0	0	2.54870175759707	0	0
"Methanomassiliicoccus"	0	0	0	0	0	0	0	0	0	0	0	0	0	0	0	0	0	0	0	0	0	0	0.778732397640364	0	0	0	0
"Methylibium"	0	0	0	0	0	0	0	0	0	0	0	0	0	0	0	0	0	0	0	0	0	0	0	2.5235873439608	0	0	0
"Methylobacillus"	0	0	0	0	0	0	0	0	0	0	0	0	0	1.22775283010194	0	0	0	0	0	0	0	0	0	0	0	0	0
"Methyloceanibacter"	0	2.55673672024585	0	3.85682404399907	3.84115442398385	3.91480231042737	2.6735050868609	0	0	2.59736463047296	2.55584837026891	2.57119408016998	2.73619615666263	0	2.802689314567	2.46972256050808	3.85343656216701	3.84305812008776	3.85178134841794	3.86885995539364	3.77678988613634	3.85459217727452	3.81551058517591	3.81412429966877	3.79601061537066	3.81627103726087	3.71585842081605
"Methylophilus"	0	0	0	0	0	0	0	0	0	0	0	0	0	1.626611919335	0	0	0	0	0	0	0	0	0	0	0	0	0
"Microlunatus"	0	0	0	2.53282049934304	2.39748843288409	2.49605481946025	0	2.13262909964464	0	0	1.96381425150323	0	0	0	0	0	2.38087405370081	2.38746826649704	2.38962951685824	2.46459661673887	2.35069027506264	2.3912806261022	2.4774541508619	2.29693506162845	2.32279080016379	2.37521107509053	2.40825436651494
"Micromonospora"	0	0	0	0	0	0	0	0	0	0	0	0	0	0	0	0	0	0	0	0	3.11279201320592	0	0	0	0	0	0
"Mitsuaria"	0	0	0	0	0	0	0	0	0	2.54956910541705	0	0	0	0	0	0	0	0	0	0	0	0	0	0	0	0	0
"mle1-7"	0	0	0	0	0	0	0	2.58140654249384	2.76817674363663	2.23512360333537	2.39544185529194	2.56502542415602	0	0	0	0	2.57439948850183	2.87651681214402	2.54440446407322	0	0	0	2.82253716057283	0	0	2.80003422605616	0
"MM1"	0	0	0	0	0	0	0	0	0	0	0	1.92977502949617	0	0	0	0	0	0	0	0	0	0	0	0	0	0	0
"MND1"	0	2.5404803058993	2.712924443155	0	0	0	2.41207588452055	2.54834384573107	2.63004379591602	2.58089208056791	2.46844905905799	0	2.668459187108	0	0	0	0	2.39124578068222	2.15738469690359	0	0	2.39654488307914	0	0	2.52566261907182	0	0
"Mucilaginibacter"	2.6789844091938	2.58646757577455	2.6995455949758	0	0	0	0	2.27667587994997	0	0	0	2.31998510003638	0	1.93867916783833	0	0	0	0	1.93754644100634	0	1.69005102544768	2.05342230325019	0	0	2.18901387132752	2.13446392789767	1.98209621423727
"Mycobacterium"	3.13588529709924	2.87120056028272	3.16553024016299	0	0	0	2.9064457855501	3.12535035130325	0	2.89173350936531	3.15419267626495	3.13149734881726	2.89251682758906	0	2.98053440284916	0	3.0649766069986	0	2.07395706120433	1.9636554080763	2.74421321210747	3.07589359868942	3.04592180932375	0	0	2.91743967991467	1.85382443269268
"Neochlamydia"	0	0	0	0	0	2.55117059115704	0	0	0	0	0	0	0	0	1.81579358473479	0	0	0	0	0	0	0	0	2.5272007094533	0	0	2.73482095352455
"Niastella"	0	0	0	0	0	0	0	0	0	0	2.69895985925147	0	2.72213597717011	2.55426487694003	0	2.56069274561279	0	0	0	0	0	0	0	0	0	0	0
"Nitrobacter"	0	0	0	0	0	0	0	0	0	0	2.30763138937359	0	0	0	0	3.34599700387036	0	0	0	0	0	0	0	0	2.38428534309182	0	2.34608897830321
"Nitrolancea"	0	0	0	0	0	0	0	0	0	2.30064353958478	0	0	0	0	2.59802643955075	0	0	0	0	0	0	0	0	0	0	0	0
"Nitrospira"	2.92002228537483	2.89537731964541	3.03098175781042	2.97776938031433	2.9654171496628	2.89590150851251	2.96808549738334	2.96071146767105	3.00014694017822	2.88761052606256	2.97079499511478	2.95108979675566	2.99418029909471	2.41986683258826	3.02664181094675	2.74016081139913	2.72906822825609	2.8332089764828	2.83694848915841	2.87385956738985	2.85526593146256	2.84107966291009	2.82007562629585	2.85830556278857	2.75821785771062	2.81168941222637	2.83834704970183
"Nocardioides"	3.32715849256301	3.15560169435106	3.44228004090097	3.19885462112632	3.04083169570593	3.0718087524299	3.17140870405221	3.09921402748697	3.03608128989549	2.99658391797352	2.98903507764033	3.04076454207533	3.02749599738123	2.65492342495161	2.93732459125761	0	3.14544425167191	3.33373278381083	3.22971616736309	3.45628015565888	3.26801265295455	3.24189321046623	3.20168406400545	3.11948800592258	3.23065340826805	3.42129865927721	3.34974216628945
"Nordella"	0	0	0	2.82422120279222	0	2.72972361122918	0	0	0	0	0	0	0	0	0	0	0	2.75686482297241	0	0	0	0	2.82007562629585	2.78402946818488	2.68112230114969	2.82762884576735	2.73906681128469
"Nostoc_PCC-8976"	0	2.39414276637627	0	0	0	0	0	0	0	0	0	0	0	0	0	0	0	0	0	0	0	0	0	0	0	0	0
"Noviherbaspirillum"	0	2.40235095394056	0	0	0	0	0	0	0	0	0	0	0	0	0	0	0	0	0	0	0	0	0	0	0	0	0
"Occallatibacter"	0	0	0	0	0	0	0	0	0	0	2.81828612668736	0	0	0	2.67158172672641	0	0	0	0	0	0	0	0	0	0	0	0
"Ohtaekwangia"	0	0	0	0	0	0	0	0	0	0	1.97813728319178	1.91812399100805	1.90755607478913	1.9980312554577	0	1.99243248965187	0	0	0	0	0	0	0	0	0	0	0
"OLB12"	0	0	0	0	0	0	0	0	0	0	0	0	0	0	0	0	0	0	0	0	0	0	0	1.27106733271345	0	0	0
"OLB17"	0	0	0	1.49765393914142	0	0	0	0	0	0	0	0	0	0	0	2.5478787206548	0	0	0	1.49587699746247	0	0	1.63917052346345	0	0	0	0
"Oligoflexus"	0	0	0	0	0	0	0	0	0	0	0	0	0	0	0	0	0	0	0	0	0	0	0	0	0	1.00374654016275	0
"Opitutus"	0	1.55618579573335	0	0	0	0	0	0	0	2.014338077907	1.87972469972135	0	1.94333818329713	0	0	0	0	0	0	0	0	1.56853927997546	0	0	1.84790700702568	0	0
"Oryzihumus"	0	2.12205244910311	0	0	2.60602549803805	2.5859715172256	0	0	0	0	0	0	0	0	0	0	2.69762075543682	0	2.7066555872534	2.54471753462067	0	2.64576841347251	0	2.64056919523435	2.50258188629278	2.68809939154653	2.59862638215054
"Oxalophagus"	0	0	0	3.05024971809109	2.96803214012054	2.6454127329672	0	0	0	0	0	0	0	0	0	0	2.67289889834992	2.96272211779488	2.92835777594091	0	2.86956838974837	2.692311326626	0	3.01375411206322	0	0	2.99191492936715
"Paenarthrobacter"	0	0	3.36061703118675	0	0	0	0	0	0	0	0	0	0	1.70950350411952	0	0	2.88833526501416	0	0	0	0	0	0	0	0	2.94913204239291	0
"Paenibacillus"	3.55233819690128	3.40968522987046	3.51661723691692	2.65460187425914	0	0	3.19559859571438	3.1867005275521	3.42081282116162	3.19351010601992	3.36938723833421	3.17456532712144	3.31148562774715	3.12108006866666	3.48569344312791	3.18495504486844	3.08653383751046	2.63190936632805	2.80475692918809	0	0	2.4874841745833	0	2.67347420814444	2.81097610716296	0	0
"Pajaroellobacter"	0	2.64138114221365	2.76500722282909	0	2.61316677091285	2.86014410666992	2.869337472893	2.81854185358294	2.83968212121362	2.80026311683643	2.80432207765823	2.86054806839333	2.90017131638771	2.42508586714526	2.82418628383137	0	0	2.92862948434784	2.6025951832661	2.90686254666687	2.57699430054949	2.85767894349527	2.90635740303975	2.68446797649482	0	0	0
"Pandoraea"	0	0	0	0	0	0	2.83842914345137	2.9663144142683	0	0	3.01954078012985	0	0	0	2.96809818829143	3.09236848172475	0	0	0	0	0	0	0	0	0	0	0
"Parachlamydia"	0	0	1.99172747084439	0	0	0	0	0	0	0	0	0	0	0	0	0	0	0	0	0	0	0	0	0	0	0	0
"Paraclostridium"	0	0	0	0	0	2.86267788368603	0	0	0	0	0	0	0	0	0	0	0	0	2.15392074524299	0	0	0	2.7667369497844	0	0	0	0
"Pedomicrobium"	0	0	0	0	0	0	0	0	0	0	0	0	0	0	0	0	0	2.92092256501588	0	0	0	0	0	0	0	0	2.65030568747394
"Pedosphaera"	0	0	2.82290590157683	0	0	0	0	0	0	0	0	0	0	0	0	2.49099000993613	0	0	0	0	2.71639989345779	0	0	0	0	0	2.6021152964046
"Peredibacter"	0	0	0	0	0	0	0	0	0	1.175835977764	0	0	0	1.626611919335	0	0	0	0	0	0	0	0	0	1.80139225599169	0	0	1.66099069691385
"Phenylobacterium"	0	2.48502602103979	2.65070324349659	0	0	0	0	0	0	2.52735719134958	0	0	2.71152795145817	0	2.58445813027742	0	0	2.45253075351067	0	0	0	2.38236253232637	0	0	2.53618173088889	2.49269810590574	2.50807339457691
"Pir4_lineage"	0	0	0	0	0	0	1.79037633586688	1.70747419230493	0	2.038411877072	1.61388579587813	1.65597096478055	0	0	1.71909805318631	0	1.94777296177867	2.01870187043388	2.78650577985094	2.20140782622906	2.20006078424381	2.4268568912403	0	2.57593755090127	0	2.14714584241813	2.06132798036495
"Pirellula"	0	1.99301939715039	0	0	2.43286238245714	0	2.34752961305963	2.37545763233496	2.52891639660733	2.43219041275407	2.33635061880489	2.35876954949912	2.54454851219394	1.8585893146427	2.38101600520416	2.17325486593684	2.31570789609866	2.62974297016426	0	2.39231677511	2.21412061137976	2.31209909811033	0	2.45564673164303	2.55093985026428	2.29417420942843	0
"Planctomicrobium"	0	0	0	0	0	0	0	0	0	0	0	0	0	0	0	0	0	0	2.44992044934637	0	0	0	0	0	0	0	0
"Planctopirus"	0	0	0	0	0	0	1.9782037099707	0	0	0	0	0	0	0	1.77965602634184	0	0	0	0	0	0	0	0	0	0	0	0
"Plantactinospora"	0	2.77305360205414	0	0	0	0	0	0	0	0	0	0	0	0	0	0	0	0	0	0	0	0	0	0	0	0	0
"Polycladomyces"	0	0	0	0	0	0	0	0	0	0	0	0	0	0	0	0	0	1.93050401900732	0	0	0	0	0	0	1.99468761827021	0	0
"Polycyclovorans"	0	0	0	2.70956396963868	2.68881258538344	2.48614837658226	0	1.91110606302745	0	0	0	0	0	0	0	0	0	2.26312231646864	1.98622685053951	2.08741202939256	2.23306968926532	2.10071472152309	2.17241904533136	2.10536135046482	2.2016694592694	2.35049515535825	2.12135850052173
"Pontibacillus"	0	0	0	0	0	0	0	0	0	0	0	0	0	0	0	0	2.39488391049088	0	0	0	0	0	0	2.37165165854798	2.43958749793107	0	2.47210345222221
"possible_genus_04"	0	0	0	0	1.22052585301405	0	1.58191195174354	0	0	0	1.44705232655869	0	2.23316386494322	0	0	0	0	0	0	0	0	0	1.2678313494616	0	0	0	0
"Povalibacter"	0	0	0	0	2.76668660555563	0	0	0	0	0	0	0	0	0	0	0	2.49998277923673	0	0	2.81858984835336	0	0	0	0	2.79024944825644	2.5291932800766	0
"Pseudarthrobacter"	0	0	0	0	0	0	0	1.82663704562128	0	0	0	0	0	0	0	0	0	0	0	0	0	0	0	0	0	0	0
"Pseudenhygromyxa"	0	0	0	0	0	0	0	0	0	0	0	0	0	0	0	0	0	0	0	0	0	0	0	0	0	1.38419950148626	0
"Pseudoduganella"	0	2.79990950958364	0	0	0	0	0	0	0	2.99915493616977	0	2.88501365624418	0	0	0	0	2.90833704781009	0	0	0	0	0	0	0	0	0	0
"Pseudolabrys"	0	0	0	0	0	0	2.47713761128147	2.50110096844128	0	2.29419409361737	2.41904373953388	2.45099301580458	2.55306813955878	2.0326711196396	2.42295899727446	0	0	0	0	0	0	0	0	0	0	0	0
"Pseudomonas"	0	0	0	0	0	0	0	0	0	0	0	0	0	2.47778358005966	0	2.44241417272465	0	0	0	0	0	0	0	2.54252026849173	2.14299782601991	0	0
"Pseudonocardia"	0	2.74957471614581	2.24657319500678	0	0	0	2.72610616272655	0	2.96865712205247	0	2.6874195660663	0	0	0	0	0	0	0	0	0	0	0	0	0	0	0	0
"Pseudoxanthomonas"	0	0	0	0	0	0	0	0	0	0	0	0	0	0	0	0	0	0	0	0	0	0	0	2.29896851273053	0	0	0
"Quadrisphaera"	2.68271518301923	2.69842744226368	0	0	0	0	2.50685778092033	2.47478510619814	0	2.33301589238367	2.47072109310531	2.40732468097722	2.52399430480017	0	2.54209451548398	2.70899946181163	0	0	0	0	0	0	0	0	0	0	0
"Ramlibacter"	0	0	0	0	0	0	2.6614566750722	2.73837377979774	0	0	2.64328689987372	0	0	0	0	0	2.16081938865173	2.45740252421596	0	0	0	2.2556175072042	0	0	2.40663592469765	0	0
"RB41"	2.63152058973496	2.59698223206433	2.8094025192167	2.83643757624392	2.87667828110018	2.81931921616962	3.08602281613653	2.92504817077776	2.86803773106946	2.90784483007138	2.91669025489921	2.98578644295334	2.95975178836488	2.34685250567171	2.66996769271525	2.56195359650015	2.80904503869817	2.86656031881169	2.84339452492626	2.90772062180405	2.84503109138203	2.8594847463571	2.85256590425491	2.88751918618263	2.76780692084027	2.88951666242345	2.89558723104494
"Reyranella"	0	2.73621206673509	0	0	0	0	2.79995839258518	2.60942439690294	3.02808523829662	2.77738265481718	2.74590168424123	2.71948368961094	2.80670375571629	0	2.71668234434415	0	0	0	0	0	0	0	0	0	0	0	0
"Rhizobacter"	0	0	0	0	0	0	2.52098840922767	0	0	0	0	2.56679685609406	0	0	0	0	0	0	0	0	0	0	0	0	0	0	0
"Rhizocola"	0	0	0	0	0	0	0	0	0	0	0	0	0	0	0	0	0	0	0	0	0	0	0	2.14180779400118	0	0	0
"Rhodanobacter"	0	0	0	0	0	0	0	0	0	1.98223859493454	0	0	0	0	0	0	0	0	0	0	0	0	0	0	0	0	0
"Rhodococcus"	0	0	0	0	0	0	0	0	0	0	0	0	0	0	0	0	0	0	0	0	0	0	0	0	2.05812237555658	0	0
"Rhodoplanes"	2.71492390503918	2.35242803042028	2.55781827929104	0	2.64392439787341	0	2.92131458882225	2.89424644976773	2.6204419589161	2.80529930076123	2.64707792466122	2.97659527469616	0	0	0	2.37044966301433	2.64668437362095	0	0	0	2.6310753936955	2.59141064653729	0	0	0	2.56045183223983	0
"Risungbinella"	0	0	0	2.70956396963868	2.88685409753563	0	0	0	0	0	0	0	0	0	0	0	0	0	0	0	2.77721594172482	0	2.69944869209034	0	0	0	0
"Roseateles"	0	0	0	0	0	0	0	0	0	0	0	0	0	0	0	0	0	0	0	0	0	0	0	2.5100750245977	0	0	0
"Roseimicrobium"	0	0	0	0	0	0	2.0241975988853	0	2.1035903784822	1.88562665176326	0	0	0	2.20570147152383	0	2.13460992660257	0	1.8126391090614	0	0	0	0	0	2.21656000983762	0	0	0
"Rubrobacter"	2.01122905516861	1.9716333589124	2.17551904477332	0	0	0	1.92283648182989	1.85323038294602	1.96357512917954	1.79322717704066	1.9710348113685	1.88116919424213	1.95463910171175	0	1.88013319400551	0	1.22429374252267	0	1.45322385159051	0	0	0	0	0	1.42469214810487	0	0
"Rugosimonospora"	0	0	0	0	0	0	0	0	0	0	2.08665775100639	0	0	0	0	0	0	0	0	0	0	0	0	0	0	0	0
"Ruminiclostridium_1"	0	0	0	0	0	0	0	0	0	0	0	0	0	0	0	0	0	0	2.54156477823267	0	0	0	0	0	0	0	0
"Rummeliibacillus"	0	0	0	0	0	1.96788937167576	0	0	0	0	1.95275320548779	0	0	0	0	0	0	0	0	0	0	0	0	0	0	1.95835733057669	0
"Salipaludibacillus"	0	0	0	0	1.40721053135125	0	0	0	0	0	0	0	0	0	0	0	0	0	0	0	0	0	0	0	0	0	0
"Schlegelella"	0	2.51614763319108	0	0	0	0	0	0	0	0	0	0	0	0	0	0	0	0	0	0	0	0	0	0	0	0	0
"Schlesneria"	0	0	0	0	0	0	0	0	0	0	0	0	0	0	0	0	0	1.8335099259502	0	0	0	0	1.95372397768712	0	0	0	0
"Scytonema_PCC-7110"	0	0	0	0	0	0	0	0	0	0	0	0	0	1.77446464145531	0	0	0	0	0	0	0	0	0	0	0	0	0
"Sediminibacterium"	0	0	0	0	0	0	0	0	0	0	0	0	0	0	0	0	0	0	0	2.59330799989447	0	0	0	0	0	0	0
"SH-PL14"	0	0	0	0	0	0	0	0	0	0	0	0	1.93173532564606	0	0	0	2.4084559128045	2.47013290010779	2.44638780132629	0	2.44151344757353	2.49727547236178	2.57588327538186	2.59481945189606	2.45656012812636	2.71257363071566	2.50663264723034
"Shimazuella"	0	0	0	0	0	0	0	0	0	2.27932282364642	0	0	0	0	0	0	0	0	0	0	0	0	0	0	0	0	0
"Simkania"	0	0	0	0	1.88563836576654	0	0	0	0	0	0	0	0	0	0	0	1.87435753519317	0	0	0	0	0	0	0	0	0	0
"Sinomonas"	2.68395168613956	2.74442687312988	2.8062258131121	0	0	0	0	2.65975407767849	0	0	2.4569070994346	0	2.56554217752373	0	0	0	0	0	0	0	0	0	0	0	0	0	0
"Solibacillus"	0	0	0	0	0	0	0	0	0	0	0	0	0	0	0	0	0	0	0	0	0	0	0	0	0	0	2.21831250680071
"Solirubrobacter"	0	3.3484847949795	0	0	0	0	3.42701989994998	0	3.15125711680067	0	0	0	2.9982350611025	3.05044636967603	0	0	0	0	0	0	0	0	0	0	0	0	0
"Sorangium"	0	0	0	0	0	0	0	0	0	0	0	0	0	0	0	2.62620387629088	0	0	0	0	0	0	0	0	0	2.66973288146302	2.36248425052388
"Sphaerisporangium"	0	0	0	0	0	0	0	0	0	0	0	0	0	0	0	0	0	0	0	0	0	0	0	0	0	0	3.22953671435268
"Sphingomicrobium"	0	0	0	0	0	0	0	0	0	0	0	0	0	0	0	0	0	0	0	0	0	0	0	0	2.46344085507157	0	0
"Sphingomonas"	3.29692900978158	3.37904828069752	3.32735072130344	2.90329393975229	0	0	3.31176703814651	3.37690878450433	2.84187421278168	3.04097393071643	3.34947874931102	3.4595641672057	3.24424707797759	2.76690095676449	3.26067337309414	2.9145934615339	3.00206384526212	2.92808350278333	3.08228653377427	0	3.1438031456764	3.02112208631952	0	2.76641343824762	3.29414974250853	3.03354074191451	3.33734753910059
"Spirosoma"	0	0	0	0	0	0	1.83596413162253	2.13533195727857	0	1.83725244265929	1.98857783964787	1.99047342257897	0	1.97525425175659	0	1.95334462865899	0	0	0	0	0	0	0	0	0	0	0
"Sporocytophaga"	0	0	0	0	0	0	1.72103537128649	0	0	1.13092622829107	0	0	0	1.24379635687467	0	0	0	0	0	0	0	0	0	0	0	0	0
"Sporosarcina"	3.02125159668075	2.97490181465903	3.06096024919891	0	0	0	2.92642021646024	2.84771531261932	2.93996953928835	2.74294782694919	2.9227345514185	2.93359405002011	2.95864792667719	2.31596299097262	3.01510942288922	2.61520698276303	0	0	0	0	0	0	0	0	0	0	0
"Stenotrophobacter"	0	0	0	0	0	0	0	0	2.93352551395048	0	0	0	0	0	0	0	0	0	0	0	0	2.30784125830113	0	0	0	0	0
"Stenotrophomonas"	0	0	0	0	0	0	0	0	0	0	0	0	0	0	0	0	0	0	0	0	0	0	0	2.35946992976014	0	0	0
"Steroidobacter"	0	0	0	2.56996388138443	0	0	0	0	0	0	0	0	0	0	0	0	0	2.56674858716107	0	0	0	0	0	0	0	0	0
"Streptosporangium"	0	3.21128922920135	0	0	0	0	0	0	0	0	3.11540588139321	0	0	0	0	0	0	0	0	0	0	0	0	0	0	0	0
"Subgroup_10"	2.11878441626872	2.07974636435258	2.39529500948979	1.71394407232088	0	0	2.54513187605725	2.39068796354149	0	2.16014950854083	2.32540656121279	2.38507059896267	2.38935825370014	1.85474845149854	2.08954956663839	0	0	0	0	0	0	0	0	0	0	0	0
"SWB02"	0	0	0	0	0	0	0	0	0	0	0	0	0	0	0	0	0	2.12790733146185	0	0	0	0	0	0	0	2.04551587268927	0
"Taibaiella"	0	0	0	0	0	0	0	0	0	0	0	0	0	1.8773000503988	0	0	0	0	0	0	0	0	0	0	0	0	0
"Tellurimicrobium"	0	2.69429566019157	2.71685902832722	0	0	0	0	0	0	2.84726705700355	2.61740021093523	2.54318473624383	0	0	0	0	0	0	0	0	0	0	0	0	0	0	0
"Telmatocola"	0	0	0	0	2.3143698257696	2.17025222197021	0	0	2.37818376481532	0	0	0	0	0	0	0	0	1.69927570888668	0	0	2.211344824089	0	0	0	2.06501093075956	0	0
"Terribacillus"	0	0	0	0	0	0	0	0	0	0	0	2.35302354192637	0	0	0	0	0	0	0	0	0	0	0	0	0	0	0
"Terrimicrobium"	0	0	0	0	0	0	0	0	0	1.58608394436445	1.92180101597367	0	0	0	0	0	0	0	0	0	0	0	0	0	0	0	0
"Thermosporothrix"	0	0	0	2.86667974634333	3.00018343161499	0	0	0	0	0	0	0	0	0	0	0	0	0	0	0	0	0	3.01184396515452	2.88751918618263	0	0	0
"Tumebacillus"	3.09570031818796	3.0288467973915	3.11586433302249	2.85452635421459	2.76502549290104	2.31375633994072	2.8520781848029	2.85548298184246	3.01702725517763	2.76106119512084	2.87676788687084	2.83509833327632	2.96304663826432	2.33552483380183	2.94640290702488	2.56820352069942	2.77016941828624	2.65913114512846	2.73766455539609	2.74539314101218	2.54202803860313	2.59913656195263	2.66203510387836	2.74443083542065	2.53386607014235	2.59186109902476	2.75156086852181
"UTCFX1"	0	0	0	2.47777033796599	0	0	0	1.76167878052081	0	0	1.72158533300035	0	0	0	0	0	0	0	0	0	0	2.13388328715221	2.26727795932619	0	2.02193865391468	0	2.45293586771257
"Verrucomicrobium"	0	0	0	0	0	0	0	2.03921626362085	0	0	0	2.15947366617736	0	0	0	0	0	0	0	0	0	0	0	1.9464700881342	0	0	0
"Vicinamibacter"	1.97487950771322	1.84531494697354	2.26543582630153	0	0	0	2.34604645497303	2.22726639711833	2.4068933212113	2.18799046971076	2.17115775823065	2.31527865307257	2.37476676022219	1.76508151429016	2.23245830062524	2.15756852118446	0	0	0	0	0	0	0	0	0	0	0
"Virgibacillus"	0	2.73470162658367	0	0	0	0	2.72919145259113	2.65733091486588	0	0	0	0	0	0	0	0	0	0	0	0	0	0	0	0	0	0	0
"Vulgatibacter"	0	0	0	0	0	0	0	0	0	0	1.90127222547533	1.72870739076444	0	0	0	0	0	0	0	0	0	0	0	1.66802664228751	0	0	0
"Xylophilus"	0	0	0	0	0	0	0	2.31927332568774	0	3.27148265981214	0	2.76322576199133	0	2.72995193231324	0	2.91626716195817	0	0	0	0	2.37998509818551	0	0	0	0	0	0
