"F1-10"	"F1-11"	"F1-12"	"F1-13"	"F1-14"	"F1-15"	"F1-16"	"F1-17"	"F1-18"	"F1-19"	"F1-20"	"F1-21"	"F1-22"	"F1-7"	"F1-8"	"F1-9"	"F3-10"	"F3-11"	"F3-12"	"F3-7"	"F3-8"	"F3-9"
"[Ruminococcus] gnavus"	1343704	459729	832151	1104978	471933	126939	34172	97727	101146	13058	118946	32849	76667	1363184	806789	1143695	466501	464999	326099	201896	2474183	584456
"[Ruminococcus] torques"	6267	2760	4974	3325	2023	3590	1665	2840	4790	737	5170	3169	3907	2156	10465	2498	4281	3412	2809	399	3414	5702
"Enterocloster bolteae"	671948	14410	367955	321834	220040	1060959	544221	583845	1715774	507912	1260060	312390	1083544	22087	119608	22330	151069	662110	32696	10379	433933	416302
"Enterocloster clostridioformis"	17533	7919	69728	33389	17429	17771	9241	13986	19893	59964	46757	30561	37037	3642	27547	72238	58223	14650	7368	6775	11162	14471
"Blautia pseudococcoides"	365600	18598	250848	136325	121664	510343	321829	383907	535635	234140	1096490	641188	1681141	25813	134539	11032	153835	174783	59774	28218	732011	133617
"Blautia producta"	53097	5395	38684	24448	19748	69308	36902	47468	63078	28013	132223	72547	186365	5642	26553	3656	21777	24678	8838	4879	87742	25609
"Blautia sp. NBRC 113351"	86761	2892	44875	39048	22949	260990	66838	252791	179711	55552	88877	91298	176154	2549	53468	2706	28194	39293	9618	4327	69029	25180
"Blautia sp. SC05B48"	3753	448	2246	2094	1248	1281	791	1165	1977	463	3173	1425	1754	353	2523	1443	1327	1511	711	354	1535	2070
"Blautia massiliensis"	7613	5179	14468	12987	5877	3421	1452	2773	4088	708	5310	2306	3300	18233	3735	9489	7410	9128	5952	3184	36984	3602
"Blautia argi"	7779	1136	5192	5332	2245	5213	1205	1649	2743	1116	6208	3890	4665	670	6557	2256	2319	1811	1064	659	3095	5418
"Blautia obeum"	13337	962	3540	4816	1871	4195	1799	2556	3724	1265	7234	3612	5060	597	4137	4912	3519	4621	1308	462	2865	3924
"Blautia hansenii"	2886	847	3609	2824	1676	2990	1126	1535	2407	606	4084	2433	3378	626	3112	727	1501	1605	937	443	2305	2275
"Blautia liquoris"	2091	371	2266	1726	1310	1862	704	965	2119	420	3088	1795	2352	249	1362	660	1078	876	485	426	1554	1085
"Lachnoclostridium sp. YL32"	50627	2497	83049	37799	18575	75876	41079	45745	120636	16800	123720	49003	83658	1618	15216	13339	60882	38471	6415	3652	34376	24786
"[Clostridium] scindens"	12113	6626	39238	17066	6545	16378	15653	36636	39585	5249	30657	21690	28437	9442	42127	19402	33646	30174	4156	2719	13638	7838
"Lachnoclostridium phocaeense"	4966	1046	7278	6637	2861	10201	2046	2472	6731	2992	14539	9831	10232	756	8291	1293	4137	4621	2291	1221	3229	6677
"[Clostridium] hylemonae"	3301	1947	6053	4162	2740	5518	22627	58116	56923	156458	390977	146560	186405	1345	7280	1583	5362	4452	1533	891	3421	4462
"Lachnoclostridium phytofermentans"	689	153	1183	839	614	629	275	324	698	166	1613	953	1096	99	533	264	395	390	345	223	509	480
"Anaerostipes caccae"	28964	3376	7172	10998	4280	21268	29696	62888	66196	17614	145932	44840	94497	1516	15154	1850	21747	12252	32461	8669	74698	23427
"Anaerostipes rhamnosivorans"	5555	777	2867	3327	1611	4207	4347	9194	9877	2434	22592	7025	13706	402	3120	605	3736	2365	4226	1454	10962	3969
"Anaerostipes hadrus"	5665	499	2451	2312	1168	1249	626	979	1507	469	4257	1629	1923	1186	2458	2419	1398	1353	1002	446	2894	2196
"Sellimonas intestinalis"	121454	10665	23499	36364	21081	58513	68098	129844	168909	13358	44876	38241	41948	20950	15033	15107	99389	80917	18847	15199	295221	3157
"Lacrimispora sphenoides"	12154	1682	22309	19982	9613	10235	1648	3018	4115	4654	14521	7451	9404	1045	10046	2097	5947	3408	14124	9351	15316	6294
"Lacrimispora saccharolytica"	11380	1523	21972	19694	9068	10086	1295	2848	3155	4709	12925	6880	8280	964	10008	2164	5775	3416	15384	9780	13207	5767
"Roseburia intestinalis"	6871	2046	13263	8986	5572	6415	2773	3983	7679	2196	24127	9079	9166	3292	6048	4535	4980	4891	4672	1360	10075	9588
"Roseburia hominis"	36558	934	5738	11042	3574	7789	2329	3013	5845	1900	15517	7849	11524	522	4271	13868	3146	2758	2209	1008	2491	33579
"Roseburia sp. NSJ-69"	1232	372	1980	1339	837	1910	730	824	1773	356	4669	2173	2982	213	2476	426	1051	870	701	372	1012	3127
"Dorea longicatena"	9973	5307	13104	11600	5808	2778	1104	2312	3193	741	4402	2516	2928	16077	6572	11136	5251	5420	4931	2612	28492	4008
"Coprococcus catus"	9161	1899	6771	7470	2919	3030	795	1322	2364	822	4476	2776	3240	5854	3192	6501	2330	2705	2159	1299	11513	2784
"Coprococcus comes"	2815	1442	4446	3235	1955	3045	1577	2103	3934	796	6377	3549	4047	1738	5591	1582	2473	2276	1933	605	3653	3384
"Coprococcus sp. ART55/1"	5326	183	966	2280	794	2053	542	861	1627	407	3335	1838	2100	107	1091	2502	1112	1449	443	143	1692	1450
"Coprococcus eutactus"	1611	236	929	1359	552	1499	434	691	991	330	3219	1461	1922	101	1731	269	818	876	528	197	1178	1500
"Simiaoa sunii"	3851	903	6540	4687	3066	7136	2390	2545	7396	1685	15618	9404	11211	565	4384	1213	3654	3575	4320	801	2500	4470
"Faecalicatena sp. Marseille-Q4148"	5585	1869	4195	3690	2295	5380	1561	2579	4567	1182	5719	3044	5417	1687	8938	2645	2633	2553	1511	587	4477	7646
"Wansuia hejianensis"	2703	694	5356	4428	2836	5848	1120	3015	3684	2579	5770	4776	4841	852	3423	1111	2955	2743	1893	975	3650	3338
"Qiania dongpingensis"	3342	784	5329	4847	2714	4702	925	1344	2379	1649	5844	3782	4980	591	3895	906	3466	2923	1520	991	3062	2846
"Anaerocolumna chitinilytica"	1326	314	2127	1484	1065	1332	427	539	1131	372	2225	1412	1613	213	1125	416	782	990	577	363	1098	956
"Anaerocolumna sedimenticola"	1106	287	2147	1610	1039	874	280	439	695	300	1660	1010	1046	158	956	408	845	701	673	325	877	862
"Anaerocolumna cellulosilytica"	806	268	1328	820	526	732	260	371	662	225	1365	695	885	149	729	321	541	452	390	223	750	696
"Anaerobutyricum hallii"	3636	676	2394	2395	1192	3052	1524	1874	4160	537	9136	4609	4705	502	2413	1093	1125	1024	2552	335	1306	2021
"Butyrivibrio fibrisolvens"	707	231	1710	1029	769	1820	613	661	2040	381	4043	2641	3248	131	597	641	431	407	428	141	477	716
"Butyrivibrio proteoclasticus"	534	179	1201	876	581	1162	378	473	1016	253	2143	1372	1710	126	666	225	454	462	234	188	484	682
"Butyrivibrio hungatei"	365	116	834	537	379	974	396	417	1419	184	2358	1536	1697	125	496	153	341	328	110	63	315	602
"Novisyntrophococcus fermenticellae"	2123	476	2667	2289	1596	2263	905	1318	2392	636	5014	2693	3824	428	1821	798	1292	1242	1033	494	2031	1418
"Lachnospira eligens"	537	344	1907	1023	491	603	266	448	754	157	2174	876	1026	1417	482	686	540	611	660	301	3249	1585
"Cellulosilyticum lentocellum"	3410	93	3025	3147	441	0	0	30	63	0	134	95	80	57	690	4613	2506	3117	458	0	56	2329
"Cellulosilyticum sp. WCF-2"	2288	71	1844	1149	266	0	0	39	36	0	90	0	53	129	630	2178	950	1471	215	0	61	1002
"Lachnoanaerobaculum umeaense"	578	164	892	783	390	781	334	443	1057	161	1913	1068	1334	99	818	153	472	325	282	247	610	624
"Anaerotignum propionicum"	448	423	1032	759	649	972	225	327	958	189	1819	1004	1537	128	538	182	407	328	183	54	231	330
"Wujia chipingensis"	447	205	992	743	435	1022	375	362	905	275	3437	1267	1502	123	865	184	513	464	499	487	489	1462
"Herbinix luporum"	494	93	910	614	408	976	288	314	862	188	1793	1338	1559	63	478	185	361	321	217	219	355	518
"Pseudobutyrivibrio xylanivorans"	317	93	663	475	326	496	222	202	555	176	1959	827	903	70	578	130	325	304	159	41	192	1888
"Ruthenibacterium lactatiformans"	43038	11866	124761	147326	131525	1575631	160326	305832	98787	396857	155367	21027	213045	10688	698750	72103	102579	695166	74102	35361	117249	291750
"Flavonifractor plautii"	65150	116485	74634	108494	385972	320703	14402	14983	51170	88672	117792	60174	160678	27611	362588	158598	95535	238986	57935	16969	93676	174108
"Anaerotruncus colihominis"	10199	5417	9135	42625	59266	26209	7459	6162	27824	13521	8175	7251	12087	3864	14336	3440	8395	17037	44080	4731	9451	19693
"Ruminococcus bicirculans"	225	115	340	401	210	338	107	164	295	58	856	264	970	213	31779	5907	54437	94326	147	77	413	53885
"Ruminococcus champanellensis"	682	152	869	813	363	858	133	238	492	310	942	554	803	80	968	126	873	1381	151	54	248	554
"Ruminococcus albus"	266	50	405	324	160	454	90	113	198	87	475	284	392	21	311	95	408	702	46	38	90	431
"Ruminococcus bovis"	212	47	210	132	115	142	59	81	151	40	247	128	151	38	179	185	153	187	28	0	76	109
"Faecalibacterium sp. IP118"	6592	1072	2726	3279	1465	11716	3496	4374	10568	501	8231	876	8071	347	7308	383	10209	15179	669	203	11911	7195
"Faecalibacterium sp. HTFF"	532	238	480	643	748	1732	378	554	1242	317	940	399	1102	218	956	247	4258	20836	375	129	43192	836
"Faecalibacterium sp. IP329"	506	390	723	1224	791	3267	339	435	976	339	1003	479	915	446	943	156	1192	2593	952	146	3835	1069
"Faecalibacterium sp. I3389"	595	170	630	711	420	1251	339	469	1061	368	1105	732	1092	117	1394	133	1803	4364	423	29	5708	937
"Faecalibacterium sp. I3333"	423	172	467	521	450	1171	242	371	795	222	742	355	790	187	594	190	952	3178	673	24	5745	1067
"Faecalibacterium sp. I4179"	385	220	712	694	501	1204	135	244	341	355	1171	553	586	132	914	208	1703	3600	1282	248	6700	875
"Faecalibacterium sp. I4384"	635	371	882	654	574	1125	195	244	475	331	1066	741	996	124	970	626	16515	81138	516	104	176156	885
"Faecalibacterium sp. I2392"	676	193	372	345	311	937	391	436	1126	100	1285	626	1026	60	1223	111	1212	2029	96	0	3132	899
"Faecalibacterium prausnitzii"	7095	2306	13918	10120	7858	11986	2776	4799	7693	4453	13148	10266	11189	1013	14800	4510	40672	164341	7010	1108	353496	13244
"Dysosmobacter welbionis"	14041	22374	3930	4256	5051	8790	676	1155	1967	1894	6749	2331	5388	9214	194793	2382	58891	74882	40623	264	1678	54679
"Dysosmobacter sp. Marseille-Q4140"	2932	1040	2320	2785	1855	4981	424	864	1119	1361	2539	1614	2217	389	11053	600	7103	14012	656	254	860	4268
"Pusillibacter faecalis"	12057	3030	9900	9621	7753	15416	1732	3196	4563	4951	8302	3721	6309	902	25271	7452	19032	34358	5963	1147	4332	8001
"Monoglobus pectinilyticus"	9332	331	14831	5571	4089	15230	6778	9989	9346	5465	2341	14022	13745	275	8384	307	7480	8439	61	65	407	8646
"Oscillibacter sp. NSJ-62"	3653	2953	4083	4520	1046	8345	891	1197	2742	1307	3118	866	3933	841	16079	3360	8995	15726	3149	466	1931	6478
"Vescimonas fastidiosa"	2402	449	1488	1455	807	2575	304	626	624	862	1301	666	1223	544	4859	1267	3278	6701	660	232	1191	1281
"Vescimonas coprocola"	791	620	1927	1947	890	3863	282	627	860	820	1690	930	1650	199	5176	748	3086	6355	775	137	870	1567
"Solibaculum mannosilyticum"	2994	872	1358	1697	1224	3029	585	832	1761	748	2254	1712	2261	450	1593	1489	3642	4772	2260	181	845	5523
"Acutalibacter muris"	1426	360	2216	2178	566	4756	1486	1592	4584	1055	8100	4689	6369	343	3115	354	2930	4165	312	114	1361	1718
"Caproicibacterium amylolyticum"	436	107	572	517	259	663	158	205	509	138	912	565	745	46	527	95	575	694	188	88	282	333
"Caproicibacterium lactatifermentans"	269	151	378	441	299	300	93	161	323	87	533	337	396	62	392	129	490	598	79	34	139	252
"Caproicibacter fermentans"	482	88	816	755	449	927	189	278	609	293	753	480	711	44	852	130	669	954	283	116	360	465
"Caproiciproducens sp. NJN-50"	416	111	574	539	317	408	101	161	271	229	483	361	486	59	842	118	666	964	86	43	195	313
"Ethanoligenens harbinense"	341	96	401	550	315	611	95	160	298	174	796	266	544	33	712	93	679	1203	138	36	120	354
"Acetivibrio thermocellus"	133	35	231	121	115	268	76	117	333	82	514	307	461	26	111	67	81	75	19	0	77	172
"Acetivibrio clariflavus"	125	44	126	132	105	65	38	52	71	19	184	108	89	27	102	33	74	61	20	19	66	119
"Acetivibrio saccincola"	53	19	91	65	45	51	17	21	43	13	111	71	77	34	49	40	40	52	16	0	23	73
"Thermoclostridium stercorarium"	292	59	398	381	272	329	96	91	172	67	333	244	335	25	263	111	165	203	102	53	103	173
"Pseudoclostridium thermosuccinogenes"	257	35	424	287	197	144	64	98	151	49	315	179	217	49	221	42	203	246	75	51	168	172
"Ruminiclostridium herbifermentans"	124	36	125	65	45	33	29	28	39	0	146	56	92	47	110	62	86	134	19	0	45	118
"Ruminiclostridium cellulolyticum"	83	30	89	105	47	47	42	38	63	14	156	51	77	16	52	32	69	70	0	18	58	90
"Mageeibacillus indolicus"	68	27	79	116	75	161	55	40	129	63	407	193	290	10	104	20	68	91	80	24	27	105
"Clostridium sp. M62/1"	12421	3021	20825	17887	11437	21467	2238	3473	4582	4617	20271	8639	10014	1324	17922	4374	14734	14208	5882	3129	6636	10829
"Clostridium sp. SY8519"	1110	367	2223	2177	1140	2285	545	650	1698	582	3572	2150	2776	179	1695	362	1022	878	577	292	972	1084
"Clostridium sp. C1"	658	42	230	183	106	330	120	486	417	21	211	78	93	87	187	180	107	82	24	31	134	146
"Clostridium sp. DL-VIII"	639	114	590	176	443	62	34	37	43	0	139	37	73	516	213	407	69	117	22	12	98	138
"Clostridium sp. C5S11"	808	326	442	101	115	70	58	63	62	0	135	23	66	1198	206	734	88	172	32	17	241	141
"Clostridium sp. BJN0001"	641	276	350	58	72	42	46	75	102	0	122	76	59	1007	116	492	64	111	54	0	177	67
"Clostridium sp. BNL1100"	198	54	204	122	115	69	40	67	139	39	238	155	174	47	88	69	63	61	73	16	89	51
"Clostridium sp. JN-9"	268	44	264	49	72	64	37	73	102	26	217	122	233	200	77	80	47	87	19	0	75	84
"Clostridium sp. JN-1"	274	40	285	103	257	45	12	22	21	0	78	45	32	117	68	155	47	61	0	0	27	56
"Clostridium sp. 001"	184	23	99	41	74	71	35	35	73	30	157	67	163	107	58	69	52	54	15	0	78	81
"Clostridium sp. AWRP"	155	24	78	23	39	74	38	26	74	0	203	84	123	81	65	48	70	48	0	0	28	38
"Clostridium sp. MF28"	1243	2118	575	667	330	112	140	168	195	0	0	0	0	4596	200	2231	0	214	0	0	864	0
"Clostridium perfringens"	5897	1510	2931	768	681	477	366	646	635	82	881	412	505	5673	1314	4752	563	1263	185	347	1567	705
"Clostridium cadaveris"	1361	357	947	447	361	537	259	433	588	125	797	353	494	1256	640	1013	484	693	618	137	1494	845
"Clostridium botulinum"	4083	1206	2499	1069	1132	489	229	301	419	59	750	311	471	4326	1032	3043	503	986	192	147	1141	652
"Clostridium argentinense"	1121	74	2378	661	2077	81	41	26	49	0	48	15	48	369	451	505	176	244	16	0	57	147
"Clostridium baratii"	2795	1132	1180	241	251	99	137	136	125	12	51	20	26	4259	510	2368	222	396	60	44	668	327
"Clostridium butyricum"	1677	847	934	303	221	127	100	150	183	25	296	114	99	2794	401	1544	179	325	95	41	585	351
"Clostridium kluyveri"	435	98	537	347	385	162	71	115	146	39	423	160	183	183	245	200	154	180	109	53	249	157
"Clostridium gasigenes"	1294	379	858	255	741	64	75	61	60	0	93	45	32	1424	375	986	154	269	24	20	216	156
"Clostridium bornimense"	835	128	914	290	751	68	55	110	92	0	63	23	66	592	181	533	191	277	65	18	93	127
"Clostridium beijerinckii"	1920	394	1390	389	867	291	157	218	217	40	442	253	424	1869	408	1466	338	504	111	91	844	359
"Clostridium pasteurianum"	644	112	839	303	751	143	63	71	157	27	295	182	273	419	235	377	115	176	50	0	147	117
"Clostridium septicum"	1599	467	677	159	153	35	64	61	64	0	35	14	19	1824	340	1264	176	243	48	13	391	170
"Clostridium manihotivorum"	888	168	564	180	299	79	36	43	51	23	150	33	95	696	234	702	99	159	70	39	186	128
"Clostridium chauvoei"	1724	249	556	168	429	88	50	51	65	0	63	38	46	1277	387	1427	132	363	13	36	244	192
"Clostridium thermarum"	388	87	577	273	371	249	72	70	188	38	418	286	408	250	171	214	95	174	43	23	110	117
"Clostridium taeniosporum"	825	224	461	110	297	18	47	68	56	0	168	34	43	1197	230	510	70	134	0	0	173	100
"Clostridium saccharoperbutylacetonicum"	847	256	525	110	101	48	37	39	26	23	97	25	68	1038	229	504	85	162	54	18	210	127
"Clostridium cellulovorans"	485	74	593	156	492	94	33	60	84	26	193	83	190	213	150	263	95	139	20	0	90	77
"Clostridium intestinale"	854	266	494	131	135	49	25	41	34	0	58	18	40	1128	170	549	86	153	37	13	199	127
"Clostridium saccharobutylicum"	774	163	419	72	72	20	36	40	45	0	83	21	42	896	134	504	66	187	24	0	134	71
"Clostridium estertheticum"	498	94	615	207	489	40	32	28	55	0	192	48	84	304	116	222	111	123	28	0	86	75
"Clostridium isatidis"	1064	178	364	47	118	21	37	26	20	0	52	0	22	796	260	1207	96	169	15	12	239	114
"Clostridium sporogenes"	2966	560	2860	851	1583	129	163	191	242	84	389	198	176	2187	995	2106	658	789	114	0	457	598
"Clostridium novyi"	464	82	488	67	96	18	20	15	21	0	33	17	23	349	84	328	65	154	16	0	89	136
"Clostridium scatologenes"	236	30	287	178	122	69	22	0	36	33	156	38	112	104	68	90	48	43	37	18	78	51
"Clostridium fermenticellae"	276	129	222	73	65	55	10	27	47	0	68	18	22	401	85	214	65	59	0	0	118	29
"Clostridium tetani"	400	165	270	96	52	39	30	35	35	0	42	0	50	424	94	268	50	84	0	18	112	59
"Clostridium aceticum"	118	26	117	46	64	61	29	32	73	24	192	100	104	68	64	59	48	51	13	0	25	74
"Clostridium tyrobutyricum"	158	25	234	63	122	38	10	26	28	15	61	23	20	118	61	76	47	52	0	0	38	56
"Clostridium formicaceticum"	81	21	97	40	45	53	23	24	56	19	142	58	50	24	59	52	33	47	21	0	0	55
"Clostridium acetobutylicum"	309	44	178	46	84	15	18	11	0	0	30	12	20	226	69	255	37	109	14	0	49	62
"Clostridium carboxidivorans"	227	50	221	44	72	18	0	15	22	22	79	25	36	139	66	118	40	60	0	0	43	48
"Clostridium drakei"	187	0	170	52	92	32	0	31	21	0	74	19	20	37	54	91	48	46	0	0	34	34
"Clostridium cochlearium"	220	31	159	15	26	0	0	0	0	0	0	0	0	124	37	92	31	45	0	0	12	31
"Clostridium diolis"	428	0	283	0	624	97	0	0	0	0	160	98	0	0	276	504	276	0	0	0	0	201
"Hungatella hathewayi"	16869	2479	24849	25664	11988	18573	6487	196483	17437	9771	28190	14454	19522	1456	13354	2843	8953	7539	21779	9194	17817	8349
"Alkaliphilus oremlandii"	97	32	101	70	64	57	11	30	79	12	151	41	71	13	51	23	53	66	25	0	14	55
"Alkaliphilus sp. B6464"	155	27	192	93	58	37	10	17	38	0	79	36	52	91	44	49	48	50	25	0	26	19
"Alkaliphilus metalliredigens"	79	15	82	49	45	24	0	19	13	11	44	16	37	30	62	47	42	54	11	18	35	51
"Geosporobacter ferrireducens"	197	66	283	156	112	176	47	51	123	91	321	176	262	79	245	87	128	124	67	36	100	139
"Crassaminicella profunda"	163	23	155	40	22	40	14	16	12	0	110	37	56	53	58	91	28	72	33	0	30	38
"Crassaminicella sp. 143-21"	126	20	129	32	18	99	40	33	112	19	224	146	164	44	62	81	33	54	0	0	62	53
"Crassaminicella thermophila"	148	46	174	38	42	23	21	21	41	0	103	47	53	86	40	127	28	64	23	0	17	49
"Hathewaya histolytica"	372	44	407	80	140	22	0	19	12	0	31	19	23	121	102	140	67	93	16	0	26	44
"Paraclostridium bifermentans"	333	55	214	29	64	0	15	15	18	0	35	16	18	224	88	155	45	80	31	0	40	65
"Sarcina sp. JB2"	662	95	231	62	71	17	18	18	24	0	58	13	28	367	170	592	66	125	0	0	139	74
"Serpentinicella alkaliphila"	86	18	153	61	59	59	13	18	29	0	52	33	65	45	97	37	41	56	14	0	76	60
"Caloramator sp. E03"	74	25	127	51	44	72	32	35	62	19	138	84	112	59	34	69	23	56	0	0	20	42
"Candidatus Arthromitus sp. SFB-rat-Yit"	122	20	51	0	26	0	0	0	52	0	120	49	76	74	26	67	31	45	0	0	28	19
"Clostridioides difficile"	86273	6353	34746	15560	8497	12689	5601	6875	13242	2982	65667	8914	10773	10377	16633	14126	12887	19815	5501	2312	19181	15361
"Clostridioides sp. ES-S-0054-01"	250	42	176	102	109	87	51	44	15	0	121	72	154	245	60	172	46	48	0	0	48	66
"Terrisporobacter sp. MCA3"	2335	38	306	151	83	80	16	21	19	23	75	23	42	154	227	121	160	223	106	44	97	379
"Romboutsia sp. CE17"	335	35	269	26	35	0	0	0	0	0	14	0	20	125	88	199	75	169	21	0	24	116
"Romboutsia ilealis"	239	27	135	21	36	15	0	12	22	0	88	18	45	122	51	75	50	79	0	0	38	72
"Romboutsia hominis"	216	22	139	33	26	0	0	0	10	0	23	0	15	60	82	119	19	68	0	0	11	53
"Peptoclostridium acidaminophilum"	135	48	86	118	77	73	34	68	132	26	275	87	189	44	142	37	94	120	37	39	122	80
"Peptacetobacter hiranonis"	250	33	231	68	83	31	14	37	62	15	144	46	62	67	129	123	65	113	21	0	76	129
"Paeniclostridium sordellii"	352	49	211	72	110	45	16	13	11	0	58	15	21	204	84	157	67	83	21	24	83	110
"Tepidibacter sp. 8C15b"	135	32	179	72	63	27	13	13	19	15	74	15	44	67	57	48	34	72	19	0	24	41
"Filifactor alocis"	138	21	74	121	32	13	0	17	22	0	42	0	33	10	103	110	134	149	16	0	49	129
"Emergencia timonensis"	12516	3623	38044	56694	102394	5187	218	375	482	6134	64896	18781	4387	15489	7520	679	12943	4288	5629	161	1093	6301
"Aminipila luticellarii"	258	76	492	470	296	283	91	163	228	115	272	234	235	59	710	93	350	418	165	82	230	425
"Aminipila butyrica"	260	80	434	375	221	338	56	79	146	82	460	277	287	29	258	51	223	193	163	93	221	182
"Aminipila terrae"	127	33	250	148	120	134	48	68	111	58	275	163	200	39	119	78	114	124	84	37	98	87
"Mogibacterium pumilum"	156	0	19	41	40	121	50	44	142	22	250	128	271	0	44	47	27	41	0	13	36	44
"Mogibacterium diversum"	49	40	90	57	28	20	0	16	18	18	87	24	42	37	81	24	58	41	0	0	46	61
"Flintibacter sp. KGMB00164"	1508	232	2392	2888	1659	6374	515	1011	1247	1285	2368	1514	2874	151	70149	253	21778	63348	1154	142	541	2281
"Massilistercora timonensis"	2790	773	4906	4975	1709	5714	921	1416	2262	1846	5240	3493	4416	529	5297	774	4047	4398	1626	735	3012	3482
"Intestinimonas butyriciproducens"	1637	578	2736	2348	1874	3169	486	864	1408	1927	3381	1896	2986	361	13305	505	7351	14928	1226	191	614	5614
"Carboxydocella thermautotrophica"	76	25	114	84	75	73	28	31	41	31	112	74	69	14	103	26	87	98	17	12	49	59
"Eubacterium sp. NSJ-61"	2521	440	1151	1111	742	1232	267	557	1078	368	2049	775	1572	750	1792	1114	945	1018	5800	126	1245	1846
"Eubacterium sp. c-25"	1848	811	2529	1907	1270	2072	791	1255	1925	672	3227	2020	2599	552	3729	497	1842	1651	840	298	2038	2015
"Eubacterium sp. MSJ-33"	304	113	583	519	334	931	244	247	703	131	1747	948	1117	64	538	87	327	311	110	50	234	604
"Eubacterium maltosivorans"	2088	856	1610	2983	1301	3854	935	2969	601	851	7356	1845	1747	122	17160	179	2271	5499	119	1204	3285	695
"Eubacterium limosum"	1223	168	1549	1256	624	1223	247	385	720	435	1221	906	1117	186	782	491	769	875	478	193	773	726
"Eubacterium callanderi"	476	119	651	678	567	570	59	106	221	259	607	296	496	88	473	82	467	504	3050	112	211	335
"Acetobacterium woodii"	100	38	111	102	116	147	49	47	94	43	223	97	231	0	117	43	135	118	23	69	86	123
"Acetobacterium sp. KB-1"	106	20	106	90	89	88	21	20	29	37	123	70	86	19	233	29	155	149	40	33	63	134
"Alkalibacter sp. ES005"	131	18	217	226	82	268	36	55	102	68	155	130	179	0	294	33	117	160	61	37	64	107
"Desulfitobacterium hafniense"	259	68	466	385	211	591	117	124	312	118	742	398	600	41	219	71	189	228	104	28	223	192
"Desulfitobacterium dehalogenans"	104	21	230	199	117	103	28	62	71	53	160	119	157	24	88	68	66	117	61	17	86	71
"Desulfitobacterium dichloroeliminans"	112	28	204	182	116	107	17	49	43	18	95	91	57	24	130	47	101	110	0	0	37	99
"Dehalobacter restrictus"	562	32	225	245	173	297	138	176	487	43	493	140	281	15	222	148	35	216	140	56	189	180
"Desulfosporosinus orientis"	153	24	144	206	102	99	32	31	60	22	186	80	117	0	105	45	108	106	27	37	169	95
"Desulfosporosinus acidiphilus"	92	30	98	92	44	207	34	45	139	34	216	162	198	14	145	38	75	149	14	0	36	88
"Desulfosporosinus youngiae"	107	16	148	128	83	127	27	29	48	30	241	72	164	13	109	18	63	90	54	17	42	66
"Desulfosporosinus meridiei"	58	10	64	78	35	44	14	19	43	0	50	21	39	11	30	0	39	24	0	0	18	49
"Syntrophobotulus glycolicus"	66	18	70	106	71	90	24	31	63	24	136	91	106	0	270	18	128	234	0	0	30	121
"Desulforamulus ferrireducens"	85	23	204	228	98	118	13	33	30	42	88	85	68	0	150	27	84	74	105	15	76	55
"Desulforamulus ruminis"	128	24	225	188	62	207	27	29	100	59	172	124	154	11	128	35	132	173	96	27	70	106
"Desulforamulus reducens"	83	27	72	59	62	35	30	25	46	28	114	82	46	30	95	28	86	132	0	0	10	55
"Candidatus Formimonas warabiya"	188	47	302	263	155	275	45	83	108	71	259	136	152	39	167	60	106	89	137	76	204	99
"Dehalobacterium formicoaceticum"	125	46	237	239	128	109	39	48	73	52	125	91	102	48	113	56	148	163	102	54	176	123
"Acididesulfobacillus acetoxydans"	135	24	59	111	93	109	54	54	121	38	164	106	151	0	98	48	66	119	11	27	64	70
"Thermanaerosceptrum fracticalcis"	80	19	114	104	70	168	20	34	50	41	110	52	79	0	138	18	125	112	22	0	29	68
"Candidatus Desulforudis audaxviator"	18	0	32	44	12	167	40	20	133	53	260	125	257	0	86	0	79	117	0	19	22	26
"Christensenella sp. Marseille-P3954"	508	61	569	486	291	926	241	368	926	449	1118	604	1211	42	3908	82	890	1269	124	44	253	461
"Christensenella minuta"	324	126	440	343	208	318	126	114	233	152	599	302	448	87	593	96	329	377	301	53	202	315
"Vallitalea pronyensis"	300	36	323	205	101	219	69	61	187	62	460	235	348	40	148	195	164	200	98	22	71	155
"Vallitalea guaymasensis"	290	68	275	140	120	153	38	58	120	24	239	113	229	39	135	160	103	148	61	11	94	142
"Petrocella atlantisensis"	355	62	545	513	295	267	74	95	227	57	458	269	341	42	266	215	321	281	92	17	89	236
"Syntrophomonas wolfei"	72	0	87	87	38	98	20	32	64	27	96	48	123	0	60	23	54	50	0	165	163	36
"Heliomicrobium modesticaldum"	115	0	102	126	60	190	39	51	90	20	78	49	64	0	183	15	203	375	24	0	23	140
"Symbiobacterium thermophilum"	62	0	100	133	53	234	0	23	31	79	91	73	84	0	317	12	117	359	45	0	14	59
"Alkalicella caledoniensis"	105	0	34	27	18	19	19	22	46	10	141	58	71	17	37	18	21	38	0	0	10	31
"Thermoanaerobacterium thermosaccharolyticum"	81	31	122	51	36	83	45	25	101	0	326	85	176	65	31	46	42	55	12	0	27	454
"Thermoanaerobacterium sp. RBIITD"	42	19	50	29	19	46	0	27	59	0	149	67	106	53	61	28	32	24	0	0	26	36
"Gelria sp. Kuro-4"	166	10	190	190	163	217	12	18	30	42	52	48	58	0	267	23	147	229	20	0	21	91
"Thermacetogenium phaeum"	67	0	93	123	34	136	0	40	20	110	143	91	147	0	106	0	90	149	53	47	81	83
"Tepidanaerobacter acetatoxydans"	107	33	105	75	48	163	115	120	324	48	629	416	509	31	70	47	69	67	15	0	39	59
"Biomaibacter acetigenes"	66	24	133	131	44	123	19	22	67	47	170	90	124	12	66	18	53	69	61	30	70	41
"[Clostridium] innocuum"	295581	89918	71954	272729	142210	109900	127945	389463	42000	48673	849811	159721	236318	8800	1371456	4571	160721	174192	4736	45612	519115	315459
"Erysipelatoclostridium ramosum"	46704	5386	38416	8838	30646	7448	12282	17478	13961	2624	90618	15868	8732	45075	48878	26159	10782	27238	4777	2669	43556	14823
"Faecalitalea cylindroides"	2449	289	1050	1368	550	1032	189	442	1033	825	696	517	1655	110	3058	650	2980	1901	162	43	579	6303
"Amedibacterium intestinale"	1157	232	758	758	349	1024	359	539	1119	136	1479	395	1046	149	904	431	802	791	98	40	375	909
"Longicatena caecimuris"	1009	197	623	575	449	679	195	254	529	163	1260	442	880	130	627	312	570	582	164	142	629	598
"Erysipelothrix larvae"	26	26	23	29	21	104	22	31	97	18	129	120	183	13	88	0	33	29	0	0	22	21
"Allobaculum sp. Allo2"	128	26	206	215	93	106	33	44	79	39	139	81	110	0	169	47	132	141	63	25	67	178
"Allobaculum mucolyticum"	88	34	98	137	100	216	20	48	71	27	121	46	78	27	325	19	92	171	21	0	45	96
"Faecalibaculum rodentium"	194	39	261	178	115	249	93	134	223	78	399	284	404	19	286	30	190	235	60	31	159	154
"Intestinibaculum porci"	73	41	225	223	102	275	51	77	107	25	316	143	187	25	183	44	41	69	61	13	143	48
"Faecalibacillus intestinalis"	483	47	102	88	72	86	38	87	124	11	256	80	155	90	212	143	111	127	27	13	137	141
"Tannockella kyphosi"	109	23	87	46	28	40	14	23	27	0	56	24	47	61	61	26	40	33	0	31	47	29
"Turicibacter sanguinis"	259	10	59	22	10	0	11	14	14	0	48	16	14	38	65	172	19	35	2993	0	14	38
"Turicibacter sp. TJ11"	324	0	75	0	18	87	23	27	80	14	200	92	143	36	23	189	14	32	20	0	22	13
"Turicibacter sp. H121"	363	14	99	57	39	40	22	30	63	0	31	14	18	26	51	177	48	57	27	0	13	36
"Paenibacillus sp. FSL H7-0357"	266	25	381	306	205	400	127	129	350	103	621	363	651	21	193	75	187	180	161	67	225	146
"Paenibacillus sp. JZ16"	202	33	353	284	153	139	28	68	129	75	331	198	274	18	150	48	179	133	187	58	178	116
"Paenibacillus sp. HWE-109"	199	17	318	284	171	196	32	40	81	33	168	87	116	14	132	42	102	79	92	70	146	92
"Paenibacillus sp. FSL R7-0331"	279	20	149	177	126	209	47	66	162	68	362	142	245	22	117	70	60	111	71	44	148	94
"Paenibacillus sp. FSL R7-0273"	192	56	203	172	132	81	25	74	64	41	130	67	56	41	162	55	215	201	62	56	253	201
"Paenibacillus sp. 32O-W"	103	26	262	239	104	264	30	42	69	54	169	103	163	29	164	17	119	129	111	61	135	95
"Paenibacillus sp. PK3_47"	127	34	193	189	116	219	31	60	70	49	260	120	166	19	148	25	143	191	20	57	98	131
"Paenibacillus sp. BIHB4019"	111	35	144	165	80	280	37	39	135	43	403	192	326	28	128	28	111	132	53	10	51	104
"Paenibacillus sp. YPD9-1"	90	10	196	89	92	142	44	64	162	20	251	161	216	11	70	27	109	96	55	44	189	33
"Paenibacillus sp. FSL R5-0912"	163	20	227	228	150	76	41	67	76	42	112	73	92	21	156	44	117	98	118	53	146	105
"Paenibacillus sp. URB8-2"	100	30	199	169	127	311	58	70	164	56	301	260	318	25	160	29	112	85	48	20	52	81
"Paenibacillus sp. B01"	98	18	150	192	108	278	44	60	205	134	361	273	416	0	252	27	137	217	65	17	59	107
"Paenibacillus sp. JNUCC-31"	84	34	172	119	91	128	46	61	106	23	184	108	189	0	50	25	72	100	39	80	193	46
"Paenibacillus sp. CAA11"	153	40	207	146	76	55	13	26	36	20	90	66	81	20	157	31	103	94	70	33	119	88
"Paenibacillus sp. 19GGS1-52"	186	27	178	163	79	177	43	44	74	23	216	113	171	0	97	58	86	67	36	15	56	71
"Paenibacillus sp. FSL P4-0081"	139	21	196	143	84	84	29	58	55	42	87	77	79	36	138	96	140	176	99	137	153	92
"Paenibacillus sp. RUD330"	65	57	124	141	85	119	14	29	37	80	103	75	90	29	180	23	85	107	93	14	55	71
"Paenibacillus sp. DCT19"	90	15	115	83	60	124	23	20	95	37	208	120	249	16	68	32	56	32	57	0	17	44
"Paenibacillus sp. H1-7"	97	28	81	96	50	130	17	29	49	18	102	50	107	11	93	19	65	93	47	40	74	76
"Paenibacillus sp. R14(2021)"	131	75	233	225	245	206	37	51	101	51	190	106	169	25	273	54	78	94	27	0	23	86
"Paenibacillus sp. sptzw28"	161	16	139	98	87	92	26	31	40	71	83	51	114	12	132	14	115	121	43	17	79	86
"Paenibacillus sp. IHBB 10380"	34	0	60	44	49	73	24	28	83	23	213	76	135	0	32	14	19	24	13	0	28	28
"Paenibacillus sp. FSL R5-0345"	79	20	147	109	73	53	34	56	82	25	120	74	125	16	56	19	40	48	44	16	112	37
"Paenibacillus sp. E222"	59	0	49	43	57	67	28	47	60	0	128	75	88	0	41	13	76	30	17	0	43	61
"Paenibacillus sp. 37"	314	0	0	434	243	375	0	0	0	105	0	0	281	0	738	0	212	315	0	0	129	160
"Paenibacillus lutimineralis"	188	57	441	308	195	434	54	97	278	80	498	295	435	31	238	65	137	113	210	115	189	160
"Paenibacillus donghaensis"	249	29	339	316	194	380	69	111	112	79	284	157	276	26	251	32	185	202	146	114	222	161
"Paenibacillus mucilaginosus"	227	27	429	390	187	322	58	72	186	73	313	275	249	17	297	47	219	236	93	29	109	161
"Paenibacillus cellulositrophicus"	166	27	284	271	143	174	31	50	123	62	271	147	221	16	210	33	155	185	141	124	185	153
"Paenibacillus tianjinensis"	186	63	327	332	187	323	48	80	210	61	368	195	301	39	160	42	159	115	89	22	139	158
"Paenibacillus odorifer"	174	28	318	237	149	96	22	57	61	46	156	106	88	14	112	57	113	109	99	85	156	81
"Paenibacillus macerans"	176	31	184	208	136	113	38	45	83	69	257	109	136	27	164	45	125	104	72	35	104	84
"Paenibacillus lycopersici"	101	12	214	195	71	205	31	40	93	50	197	106	187	0	132	16	86	92	49	41	128	68
"Paenibacillus jilunlii"	159	21	224	269	139	221	36	60	168	97	282	156	318	0	157	23	67	58	267	102	162	70
"Paenibacillus borealis"	158	26	288	205	132	165	23	67	105	47	332	121	274	0	109	13	113	96	128	65	153	93
"Paenibacillus protaetiae"	119	17	237	211	138	166	19	37	46	45	156	67	116	11	123	38	115	112	147	48	78	95
"Paenibacillus polymyxa"	564	83	912	575	438	740	148	353	620	234	1009	787	786	97	740	301	840	746	338	213	241	827
"Paenibacillus dendritiformis"	186	16	248	253	136	169	24	23	25	75	215	96	182	11	138	18	72	91	139	60	133	91
"Paenibacillus graminis"	171	39	229	175	117	129	43	53	120	46	213	125	142	23	109	17	117	82	210	90	113	84
"Paenibacillus stellifer"	128	36	186	158	97	155	32	49	103	78	230	136	211	22	192	22	123	171	97	49	80	77
"Paenibacillus physcomitrellae"	80	24	147	139	83	199	52	104	197	106	384	248	407	0	60	26	45	41	72	45	122	53
"Paenibacillus riograndensis"	78	0	142	122	110	65	18	54	44	33	116	65	103	0	123	49	84	107	18	0	42	84
"Paenibacillus sonchi"	62	62	123	109	40	92	28	0	50	53	175	54	78	32	59	0	116	105	94	21	82	35
"Paenibacillus azoreducens"	137	22	198	207	92	105	40	46	119	41	245	99	182	0	125	17	176	149	76	43	93	120
"Paenibacillus yonginensis"	333	33	348	252	220	125	45	56	88	54	384	130	169	40	194	71	138	139	55	35	84	118
"Paenibacillus lentus"	84	25	242	179	142	118	12	50	80	0	155	104	128	13	66	38	46	29	49	34	137	40
"Paenibacillus ihbetae"	99	64	237	117	93	97	32	30	60	59	147	112	150	34	147	35	127	141	41	43	116	119
"Paenibacillus xylanilyticus"	63	22	178	182	65	194	23	31	92	81	285	154	177	0	114	34	57	63	114	55	75	66
"Paenibacillus kribbensis"	94	22	146	118	87	139	41	50	82	20	232	98	200	0	70	27	56	48	0	14	119	57
"Paenibacillus tritici"	133	37	210	184	86	133	21	39	51	54	140	115	145	21	179	27	121	119	134	58	90	81
"Paenibacillus barcinonensis"	71	18	129	122	75	113	36	50	134	38	343	173	185	15	104	32	79	82	19	15	91	85
"Paenibacillus rhizovicinus"	99	21	112	129	46	93	31	44	65	46	233	97	144	0	109	17	113	123	45	41	88	66
"Paenibacillus cellulosilyticus"	106	16	168	136	141	142	18	34	43	29	155	63	133	16	154	21	72	116	22	0	38	92
"Paenibacillus durus"	131	35	102	122	68	146	37	37	63	36	175	70	127	18	170	16	124	118	30	57	118	79
"Paenibacillus albicereus"	119	0	128	122	82	171	28	33	57	71	177	90	149	0	176	0	91	124	67	81	79	68
"Paenibacillus albus"	131	14	101	113	92	189	59	72	128	35	213	129	194	12	187	21	102	92	49	36	116	90
"Paenibacillus lautus"	126	0	223	214	100	195	38	61	81	76	139	61	225	0	125	0	125	104	120	45	145	68
"Paenibacillus beijingensis"	79	14	107	101	64	147	29	32	118	43	166	143	159	17	90	18	74	70	53	15	40	81
"Paenibacillus bovis"	129	37	232	149	111	100	16	42	47	19	183	79	48	17	104	30	120	93	134	67	98	91
"Paenibacillus konkukensis"	44	12	165	133	70	140	28	35	71	24	147	75	92	21	88	14	56	66	30	32	79	57
"Paenibacillus naphthalenovorans"	82	21	122	169	104	64	18	28	27	26	142	71	90	10	129	21	84	66	79	31	62	65
"Paenibacillus thiaminolyticus"	62	11	149	126	73	113	20	38	26	26	72	40	75	11	107	28	55	61	56	29	45	88
"Paenibacillus swuensis"	72	15	191	143	80	58	22	18	61	42	150	87	102	12	97	14	63	59	88	40	73	67
"Paenibacillus pabuli"	95	19	99	86	74	47	19	37	34	0	86	49	45	0	90	30	95	104	16	16	47	51
"Paenibacillus algicola"	102	15	214	164	94	139	15	35	43	21	107	61	63	11	117	41	57	107	21	16	37	72
"Paenibacillus larvae"	46	18	89	79	88	88	10	21	41	20	101	36	50	12	91	34	54	58	22	20	46	93
"Paenibacillus sabinae"	95	33	180	104	79	46	0	39	44	28	85	43	56	14	96	0	79	112	68	14	92	30
"Paenibacillus chitinolyticus"	66	14	82	83	74	91	25	11	33	26	124	38	56	0	139	13	62	88	27	13	43	116
"Paenibacillus glucanolyticus"	736	0	1020	1049	526	202	0	0	112	78	373	180	199	0	359	130	228	270	215	113	623	205
"Paenibacillus alvei"	57	0	72	72	30	158	32	45	65	75	116	73	147	15	166	0	25	91	28	14	83	50
"Paenibacillus guangzhouensis"	68	0	110	62	68	32	16	30	30	17	71	43	64	0	81	26	72	73	0	0	45	101
"Paenibacillus peoriae"	99	129	366	157	209	511	100	114	306	132	519	365	559	0	141	58	78	162	0	0	137	160
"Paenibacillus agaridevorans"	139	0	118	75	100	53	28	65	62	25	178	84	123	53	71	24	65	131	0	0	72	90
"Brevibacillus brevis"	134	21	191	139	121	420	75	75	242	75	584	271	593	22	418	58	215	308	56	0	56	262
"Brevibacillus sp. MMS20-4M-10-Y"	79	12	88	151	54	181	29	36	67	24	224	74	112	15	86	11	100	82	40	15	46	91
"Brevibacillus choshinensis"	53	17	101	77	94	70	15	22	45	44	125	73	155	22	83	30	60	81	19	0	71	57
"Brevibacillus laterosporus"	161	33	168	95	92	106	21	39	74	30	197	134	139	19	81	81	70	84	80	0	39	114
"Brevibacillus composti"	62	39	110	113	68	94	25	25	24	40	75	36	49	22	135	16	76	168	12	0	35	51
"Cohnella sp. LGH"	317	48	405	438	221	437	49	79	195	72	502	284	397	0	243	76	190	185	173	44	73	181
"Cohnella sp. MFER-1"	132	22	236	212	101	109	35	32	97	23	250	109	255	12	110	21	72	55	69	35	73	46
"Cohnella candidum"	113	22	169	148	75	57	11	23	36	35	89	65	73	0	120	20	87	114	85	55	76	75
"Saccharibacillus brassicae"	140	10	180	225	114	148	49	34	84	64	241	103	199	13	827	0	183	210	105	45	80	235
"Aneurinibacillus soli"	64	46	83	53	60	172	41	59	144	38	278	165	210	29	144	16	48	93	14	48	113	71
"Thermobacillus composti"	42	0	78	93	29	218	34	28	73	72	174	85	175	13	73	0	78	131	0	37	71	46
"Bacillus paralicheniformis"	80	26	208	210	112	310	35	46	117	93	243	146	276	0	465	36	77	85	271	83	102	81
"Bacillus velezensis"	185	0	304	254	174	343	163	180	444	243	1293	779	617	36	412	150	291	271	151	147	242	136
"Bacillus amyloliquefaciens"	128	0	159	113	96	193	0	45	72	0	346	177	295	71	165	111	178	647	243	0	241	56
"Bacillus subtilis"	473	134	386	459	480	524	84	83	170	86	1064	338	1451	83	493	198	504	322	44	33	195	158
"Bacillus licheniformis"	158	0	580	311	157	370	42	82	157	221	384	139	155	0	1092	41	97	179	339	118	148	115
"Bacillus atrophaeus"	332	0	67	66	41	182	38	54	95	37	188	124	224	0	28	12	60	21	0	36	31	276
"Bacillus sp. NSP9.1"	75	23	142	148	57	164	18	33	87	32	165	93	113	18	100	16	75	56	71	37	75	39
"Bacillus sp. Y1"	106	23	166	116	74	143	0	17	25	20	74	48	48	14	56	51	38	52	46	43	50	36
"Bacillus sp. FJAT-18017"	41	16	37	64	27	110	42	29	89	32	200	111	149	0	76	0	40	42	0	0	52	58
"Bacillus mycoides"	129	22	119	79	41	66	29	34	78	24	322	109	223	36	131	31	94	120	17	0	88	64
"Bacillus thuringiensis"	221	97	215	250	152	68	22	96	86	120	574	449	321	132	182	406	203	152	49	56	245	98
"Bacillus cereus"	470	89	476	379	349	469	324	209	300	119	1091	225	527	267	242	275	127	218	441	0	203	961
"Bacillus infantis"	68	15	187	143	57	227	62	76	150	31	389	164	264	22	56	32	70	70	15	19	86	64
"Bacillus glycinifermentans"	78	15	104	102	71	57	18	31	41	27	132	43	97	0	101	36	76	47	37	20	43	89
"Bacillus pumilus"	84	75	141	76	42	60	0	28	36	21	134	63	90	27	76	21	51	75	57	0	27	50
"Bacillus badius"	56	0	46	66	46	111	31	37	126	0	211	119	213	0	65	0	42	31	0	0	25	54
"Metabacillus sp. cB07"	100	0	132	146	72	74	11	26	34	21	132	62	95	0	122	22	56	58	79	23	54	106
"Metabacillus sp. B2-18"	114	0	117	43	36	30	33	32	70	0	54	36	36	0	30	32	32	52	14	0	0	42
"Lysinibacillus fusiformis"	65	15	63	40	33	87	33	52	63	0	152	102	156	27	21	62	20	30	38	13	55	41
"Geobacillus subterraneus"	101	0	100	103	77	131	26	81	142	55	270	198	177	0	87	33	153	91	0	0	0	48
"Priestia megaterium"	543	79	524	251	184	221	102	83	365	154	718	395	422	87	281	189	295	228	55	18	117	102
"Cytobacillus oceanisediminis"	106	46	169	147	74	178	28	57	147	58	221	153	193	27	93	31	72	79	40	57	133	86
"Mesobacillus foraminis"	67	48	111	100	58	107	69	82	228	37	530	268	321	19	55	20	54	45	15	0	45	65
"Anoxybacillus sediminis"	85	20	102	120	61	140	31	41	91	122	314	131	297	11	82	14	112	114	101	0	12	62
"Peribacillus frigoritolerans"	33	0	124	65	45	79	0	17	84	0	121	62	77	0	15	19	22	19	0	0	20	17
"Weizmannia coagulans"	154	41	268	211	119	138	35	68	72	64	223	115	133	25	187	55	143	163	175	72	206	114
"Gracilibacillus salitolerans"	107	22	110	54	45	45	12	15	53	18	157	80	93	51	30	36	37	44	10	0	38	28
"Neobacillus drentensis"	86	23	124	91	65	96	28	25	68	13	126	79	96	31	84	34	30	58	38	38	48	55
"Neobacillus mesonae"	77	16	97	82	57	46	0	31	29	26	125	38	41	13	100	36	69	61	77	45	46	54
"Parageobacillus thermoglucosidasius"	68	16	89	102	43	74	16	57	84	32	142	128	89	26	66	0	41	40	51	48	41	96
"Rossellomorea marisflavi"	127	23	159	161	80	124	21	36	28	40	112	44	55	20	197	11	90	99	29	32	83	121
"Niallia sp. Man26"	98	20	132	108	59	112	34	38	86	22	229	157	198	59	92	23	60	80	68	0	16	55
"Niallia circulans"	166	23	198	73	71	46	0	11	23	17	109	47	43	26	73	40	25	44	16	0	44	45
"Salisediminibacterium beveridgei"	87	12	163	94	70	72	0	40	23	20	94	48	60	0	403	23	114	152	40	28	119	171
"Planococcus sp. MB-3u-03"	34	0	76	61	35	196	30	23	86	28	215	150	195	0	78	0	35	29	52	15	45	42
"Planococcus lenghuensis"	39	21	93	73	35	222	40	54	106	80	251	146	262	28	58	35	46	98	0	15	40	23
"Sporosarcina sp. Te-1"	128	26	191	236	109	93	17	19	53	40	151	96	104	0	119	37	63	44	109	91	113	99
"Sporosarcina ureae"	65	0	76	79	22	117	25	48	50	19	115	59	134	16	56	25	46	41	0	0	25	44
"Jeotgalibacillus malaysiensis"	49	12	92	100	68	188	35	23	73	17	250	93	141	0	45	26	17	28	16	0	36	33
"Staphylococcus aureus"	949	223	646	677	305	2722	229	291	248	213	837	634	892	224	496	377	267	423	444	188	251	212
"Salinicoccus halodurans"	21	11	59	48	30	89	31	37	99	30	249	137	172	12	35	13	18	22	0	0	15	33
"Listeria monocytogenes"	297	76	463	234	75	151	60	34	308	323	612	266	576	46	471	712	397	255	42	0	97	246
"Thermoactinomyces vulgaris"	70	0	94	110	80	111	25	33	102	31	201	108	171	0	94	28	40	40	40	20	89	49
"Alicyclobacillus acidocaldarius"	61	20	83	147	64	105	16	23	37	30	61	27	57	0	214	18	87	151	40	26	48	93
"Sporolactobacillus terrae"	36	0	50	78	41	192	39	33	113	25	246	132	208	0	11	14	13	17	16	0	0	18
"Enterococcus faecium"	6895	3337	2339	1830	1273	7219	2030	6013	5591	2208	9609	3292	5617	10373	3576	168142	3132	5855	2169	490	3335	2628
"Enterococcus avium"	852	104	32716	6023	6619	13877	618	850	1001	472	1036	941	15270	679	188	204972	155	287	80	37	225	229
"Enterococcus faecalis"	269	5792	1261	540	62963	127	313	311	13437	998	12323	13478	44828	32238	348	83398	14068	36976	278	355	242	7546
"Enterococcus cecorum"	217	209	287	119	166	382	135	159	415	101	904	449	813	154	97	113	51	122	17	0	237	63
"Enterococcus wangshanyuanii"	46	11	53	26	39	42	41	39	93	11	167	138	91	18	45	58	49	52	0	32	37	41
"Enterococcus casseliflavus"	45	23	188	122	71	147	48	36	134	16	189	187	253	17	66	224	42	33	0	0	14	137
"Enterococcus raffinosus"	31	0	158	23	47	39	11	0	25	18	79	28	124	0	28	1595	17	21	0	0	0	25
"Enterococcus gallinarum"	16	0	286	0	90	34	0	18	0	0	0	0	77	0	36	3073	0	56	0	0	0	3541
"Vagococcus lutrae"	217	0	70	45	33	57	0	0	40	0	108	62	74	19	24	83	11	22	35	0	32	22
"Streptococcus suis"	594	60	516	214	65	208	50	76	146	34	345	140	300	96	699	305	276	196	87	0	99	222
"Streptococcus equi"	177	25	78	133	97	33	30	55	53	19	126	53	63	43	74	87	35	43	35	0	31	37
"Streptococcus agalactiae"	955	416	1179	1344	579	170	0	389	204	0	882	420	201	1009	206	374	487	431	407	206	1484	305
"Streptococcus oralis"	306	19	47	80	62	113	44	67	134	28	358	167	211	32	94	146	36	45	0	0	39	58
"Streptococcus sanguinis"	272	14	107	54	47	161	41	37	118	25	218	134	209	49	60	115	46	64	0	0	26	46
"Streptococcus chenjunshii"	106	37	56	49	65	63	27	34	44	24	87	70	49	45	34	82	48	33	0	26	89	22
"Streptococcus anginosus"	136	0	18	0	0	99	47	21	169	44	658	152	192	26	55	76	62	19	0	0	18	58
"Streptococcus pneumoniae"	331	19	116	67	114	63	0	10	24	0	515	127	51	49	123	133	121	187	26	0	115	115
"Streptococcus gordonii"	196	29	34	15	27	46	21	25	60	19	166	67	105	36	78	84	53	115	0	0	13	31
"Streptococcus gallolyticus"	132	0	82	34	43	101	52	37	72	49	206	86	238	39	70	91	38	40	184	47	121	36
"Streptococcus pyogenes"	127	30	62	0	0	103	29	29	155	246	261	112	183	87	26	131	26	0	0	0	0	29
"Streptococcus pasteurianus"	525	0	44	29	0	89	90	0	159	0	95	0	83	105	0	208	0	0	0	0	182	0
"Streptococcus lutetiensis"	650	0	32	95	86	53	59	48	57	0	38	43	55	0	91	282	40	78	0	0	0	80
"Streptococcus salivarius"	141	0	37	49	25	17	0	0	0	22	44	0	15	23	61	83	45	18	0	0	26	30
"Lactococcus lactis"	56	0	57	53	26	401	213	137	602	35	1202	739	1093	24	33	34	16	51	0	0	0	26
"Lactobacillus delbrueckii"	92	0	126	160	77	168	15	22	55	33	162	82	106	0	164	36	76	133	28	22	25	84
"Ligilactobacillus murinus"	115	15	164	70	98	0	0	0	18	0	23	0	0	17	34	44	15	15	0	0	23	25
"Ligilactobacillus ruminis"	36	0	40	33	27	41	33	27	52	29	205	82	92	0	25	13	33	22	20	0	10	41
"Lacticaseibacillus paracasei"	85	0	106	103	59	59	0	34	20	39	51	48	52	0	64	29	29	37	78	44	66	30
"Limosilactobacillus fermentum"	43	0	26	56	31	50	0	0	0	57	25	15	51	0	423	17	46	61	0	0	21	35
"Levilactobacillus brevis"	49	19	73	71	51	43	22	23	40	56	128	63	93	0	109	35	82	105	0	0	0	38
"Dolosigranulum pigrum"	47	0	21	31	11	157	44	37	126	39	223	154	227	0	0	13	10	17	0	0	22	13
"Selenomonas ruminantium"	184	32	291	226	166	391	80	84	185	98	622	300	444	27	424	34	252	383	70	35	69	192
"Selenomonas sp. oral taxon 920"	42	0	49	52	54	110	35	31	64	45	139	80	145	0	66	15	85	79	45	0	50	57
"Selenomonas sp. oral taxon 126"	65	0	39	39	24	61	20	15	47	21	127	48	107	0	110	0	100	113	18	0	24	31
"Selenomonas sp. oral taxon 478"	44	0	60	51	72	118	0	27	92	0	169	93	86	0	86	0	47	70	0	0	0	90
"Selenomonas sp. oral taxon 136"	44	0	26	56	0	204	46	55	208	0	314	171	284	0	59	0	84	67	0	0	0	56
"Selenomonas sputigena"	79	18	110	136	71	153	16	38	65	45	175	74	107	0	159	14	79	143	51	39	58	78
"Selenomonas timonae"	98	27	103	109	74	186	40	25	120	30	283	150	248	14	180	17	93	131	45	0	37	52
"Megamonas funiformis"	88	24	81	57	47	33	22	14	21	17	78	42	37	42	92	38	40	34	0	0	29	45
"Pectinatus frisingensis"	50	27	40	45	58	127	49	52	91	30	286	84	181	15	33	25	54	64	13	15	94	45
"Methylomusa anaerophila"	86	16	128	89	62	60	20	39	44	24	147	69	89	13	78	30	74	64	58	44	113	59
"Sporomusa termitida"	68	27	152	87	84	101	36	39	81	45	134	104	102	24	83	38	73	69	75	26	88	47
"Acidaminococcus fermentans"	179	19	392	471	159	650	45	52	123	125	311	185	300	19	412	53	289	453	115	31	143	130
"Acidaminococcus intestini"	99	27	156	153	85	112	21	48	69	39	179	113	129	0	101	27	108	111	87	42	102	89
"Phascolarctobacterium faecium"	127	18	139	108	62	117	55	52	109	44	215	114	195	13	145	26	76	99	74	52	116	102
"Phascolarctobacterium sp. Marseille-Q4147"	117	21	209	204	105	280	48	48	125	41	391	136	167	0	90	23	89	137	38	20	84	121
"Phascolarctobacterium succinatutens"	156	31	116	163	72	286	49	56	94	148	273	147	305	19	421	36	271	306	67	44	131	167
"Megasphaera elsdenii"	114	39	224	234	162	354	64	73	141	77	382	186	255	10	323	65	133	262	51	23	92	86
"Megasphaera stantonii"	161	39	114	128	75	218	48	67	109	97	321	155	235	13	250	59	257	240	15	20	66	225
"Megasphaera massiliensis"	53	20	122	93	88	98	24	20	34	27	134	60	87	16	103	18	55	88	37	35	98	38
"Veillonella parvula"	63	0	81	88	39	100	14	20	37	0	105	50	73	10	36	14	41	0	0	0	80	29
"Keratinibaculum paraultunense"	73	38	57	111	119	0	63	91	72	0	83	26	59	48	21	107	15	41	17	0	43	27
"Tissierella sp. JN-28"	131	27	103	136	168	24	48	57	90	0	157	48	103	42	144	53	52	95	11	49	79	153
"Murdochiella vaginalis"	89	124	205	115	126	172	48	70	129	87	240	182	294	61	114	42	127	161	43	52	98	79
"Peptoniphilus harei"	41	0	83	52	30	52	0	0	15	0	32	32	19	21	21	20	0	31	0	0	11	14
"Finegoldia magna"	75	13	87	41	32	46	0	40	19	17	82	32	48	16	55	29	16	22	30	38	107	42
"Gottschalkia acidurici"	121	20	100	37	23	51	36	26	85	20	196	94	155	105	32	77	31	34	10	0	45	26
"Ndongobacter massiliensis"	74	14	94	111	92	345	49	67	169	57	287	175	324	14	166	33	64	88	10	0	38	90
"Bifidobacterium longum"	1803	326400	461	638	821	1461	506	555	309	30946	30369	28300	49820	191839	95546	1769	872	1095	212	113	475	1046
"Bifidobacterium breve"	720	843	350	774	408	488	148	200	245	148	405	200	308	507	622	243	274	357	122	98	378	627
"Bifidobacterium pullorum"	62	773	31	63	70	112	0	16	15	98	108	98	115	409	465	13	92	152	21	0	29	79
"Bifidobacterium adolescentis"	66	428	92	129	67	314	31	59	48	161	122	87	233	264	365	0	171	128	0	0	32	599
"Bifidobacterium eulemuris"	54	141	72	91	58	466	123	111	515	90	928	602	809	89	348	0	58	110	30	0	33	63
"Bifidobacterium lemurum"	35	184	35	66	13	159	27	20	99	49	234	137	170	119	243	0	44	153	0	15	25	46
"Bifidobacterium catenulatum"	103	44	239	220	121	104	14	52	48	21	94	69	61	25	103	31	61	95	25	54	50	62
"Bifidobacterium bifidum"	96	47	95	106	67	82	10	154	14	72	194	34	51	43	210	14	78	93	44	0	123	39
"Bifidobacterium animalis"	64	27	49	109	102	259	12	80	34	52	71	32	122	20	613	32	97	278	103162	0	76	116
"Bifidobacterium saguini"	92	84	205	137	230	257	29	45	108	60	149	101	164	35	388	52	25	66	12	0	0	13
"Bifidobacterium asteroides"	87	24	72	69	55	100	36	34	58	54	132	86	153	0	221	0	118	174	25	0	114	78
"Bifidobacterium pseudocatenulatum"	41	16	49	89	41	143	32	30	73	24	128	107	105	14	136	18	56	100	21	0	96	50
"Bifidobacterium pseudolongum"	38	23	42	69	53	131	13	26	43	63	104	49	113	14	374	25	118	200	23	0	32	64
"Parascardovia denticolens"	83	13	236	142	116	109	14	29	50	36	118	47	79	0	157	22	84	101	132	59	109	65
"Curtobacterium flaccumfaciens"	76942	1170	4393	7738	53916	11643	3475	2996	1339	2738	24718	7086	27698	6053	1408	8977	88858	40035	7990	343	13765	6805
"Microbacterium foliorum"	40	0	15	48	37	86	43	29	72	10	92	49	91	0	151	0	48	110	43	0	19	37
"Microbacterium hominis"	141	0	240	172	158	179	0	0	0	77	146	116	129	0	343	0	114	257	0	0	0	35
"Cryobacterium sp. LW097"	43	40	162	140	140	95	20	0	54	24	67	40	63	22	219	35	19	40	14	0	21	17
"Arthrobacter alpinus"	66	39	180	127	92	155	25	0	84	61	187	107	138	25	254	19	124	238	0	0	41	74
"Rothia mucilaginosa"	94	0	86	94	34	163	24	28	90	45	179	112	180	0	54	0	57	62	40	16	11	52
"Micrococcus luteus"	32	0	86	106	37	256	0	41	0	69	58	20	87	0	481	0	142	358	0	0	27	50
"Cellulomonas gilvus"	55	58	167	126	134	230	20	28	89	54	86	68	59	18	643	33	27	95	0	0	16	37
"Streptomyces sp. ICC4"	345	0	282	423	264	197	231	205	237	0	223	167	240	0	0	0	617	732	0	0	0	195
"Streptomyces venezuelae"	122	0	150	195	109	321	50	67	82	112	225	77	173	40	520	39	286	386	149	0	54	121
"Streptomyces hygroscopicus"	69	0	74	87	30	86	0	31	0	38	29	0	25	0	140	0	141	112	59	0	0	91
"Streptomyces albus"	39	0	57	64	41	67	0	36	31	76	43	44	50	0	86	0	52	104	0	0	36	32
"Corynebacterium glutamicum"	137	0	206	231	93	267	0	0	0	0	283	81	219	0	382	0	0	61	82	0	68	0
"Nocardia asteroides"	59	31	80	102	29	224	29	31	53	66	70	39	56	14	262	20	123	240	13	63	62	54
"Rhodococcus opacus"	121	0	34	66	82	131	44	68	105	30	104	108	170	0	73	0	109	139	130	48	160	25
"Gordonia sp. YC-JH1"	62	0	141	142	71	116	0	0	0	52	43	0	63	0	200	23	43	65	138	0	0	87
"Tessaracoccus aquimaris"	64	0	71	120	105	104	0	22	0	65	63	39	83	0	211	0	80	70	0	47	76	61
"Tessaracoccus flavescens"	44	22	56	71	46	248	34	44	116	16	162	113	160	0	425	0	32	161	84	70	66	53
"Propionibacterium freudenreichii"	63	12	127	113	86	396	31	81	219	57	217	159	239	0	272	44	92	235	42	0	20	101
"Acidipropionibacterium jensenii"	41	0	115	143	49	144	38	0	58	16	96	50	93	0	84	0	47	82	75	79	68	27
"Actinocatenispora thailandica"	106	53	169	167	185	76	0	17	44	64	64	22	53	21	504	51	35	75	15	10	23	10
"Actinomyces procaprae"	33	0	42	57	94	139	16	30	55	52	32	87	105	0	386	0	67	237	47	0	58	84
"Nonomuraea nitratireducens"	62	0	45	113	48	86	20	33	37	60	39	33	70	0	212	0	67	124	22	0	27	70
"Eggerthella lenta"	11425	4580	78809	32202	80496	116632	12143	45149	24623	55379	34005	34089	61398	8048	183279	84375	17879	70209	21311	5052	10399	27222
"Eggerthella guodeyinii"	777	64	2297	1169	2421	18506	11730	40126	21662	43857	3471	23090	27360	75	5983	286	2251	6211	341	755	760	395
"Eggerthella sp. YY7918"	175	32	198	193	287	1060	469	1473	850	1921	454	982	1217	24	1176	21	362	675	222	85	171	175
"Gordonibacter pamelaeae"	7598	689	6490	4150	7052	35277	6722	23809	16185	43847	28300	19745	31838	647	97391	2832	10063	28369	9213	486	3297	15172
"Gordonibacter urolithinfaciens"	1575	161	1051	738	1188	6258	1242	4554	2532	10329	5858	4665	7701	134	19756	91	2108	5209	1547	114	731	2230
"Adlercreutzia equolifaciens"	1398	414	289	3208	876	37725	2684	8656	6924	39712	29817	14711	53161	58	181522	84	6686	15616	6602	1458	4619	14774
"Adlercreutzia hattorii"	1032	301	307	2382	621	24762	1981	5900	5039	26895	20428	10043	36371	46	120398	66	4972	10829	4840	1045	3244	10439
"Arabiibacter massiliensis"	372	48	427	408	674	3236	1682	5737	3030	6280	962	3479	4198	27	2500	43	608	1711	269	120	238	393
"Raoultibacter timonensis"	246	53	185	258	334	1093	338	1100	630	1087	333	689	984	31	1990	64	308	909	158	33	219	289
"Slackia heliotrinireducens"	117	37	90	187	227	751	57	189	230	350	322	269	484	36	1335	31	237	638	76	15	106	193
"Berryella intestinalis"	243	49	79	265	293	934	211	607	288	556	220	346	572	45	1651	22	392	1098	72	32	154	363
"Denitrobacterium detoxificans"	101	37	70	139	167	536	93	246	150	257	133	151	287	22	941	20	158	485	57	0	151	154
"Phoenicibacter congonensis"	51	16	38	93	71	320	41	124	81	53	39	54	69	14	337	36	58	225	76	0	41	103
"Collinsella stercoris"	37842	9460	6172	42057	59762	167431	6505	18656	16115	23336	22571	14486	41653	6756	365391	4255	35730	128921	21830	1723	36011	54898
"Collinsella aerofaciens"	8811	2103	1605	9481	12943	36790	1452	4343	3620	5179	5275	3342	9235	1634	69430	1025	8370	27855	4841	496	8300	12253
"Collinsella sp. zg1085"	138	25	39	147	232	522	26	54	70	51	112	48	143	19	958	15	132	522	63	0	116	206
"Coriobacterium glomerans"	336	78	138	470	524	1304	64	159	145	261	297	156	385	51	2831	47	351	1036	169	37	334	489
"Parolsenella massiliensis"	881	238	213	1123	1457	4014	160	527	517	681	727	447	1160	150	8981	132	1045	3247	539	72	875	1341
"Parolsenella catena"	759	171	162	817	1028	2940	122	414	301	440	464	248	767	142	6366	202	782	2382	362	27	670	1039
"Olsenella timonensis"	918	200	220	1139	1440	3843	168	498	422	735	640	451	1134	161	9115	98	904	3048	532	71	950	1227
"Olsenella uli"	311	77	84	382	446	1046	43	143	132	163	201	101	291	51	2103	29	342	974	212	29	222	335
"Olsenella sp. oral taxon 807"	133	32	81	166	201	724	39	109	108	416	308	189	527	24	2784	17	187	564	150	24	169	253
"Thermophilibacter immobilis"	555	159	117	544	734	1986	94	248	214	341	294	206	575	72	4940	44	508	1761	253	22	462	770
"Parafannyhessea umbonata"	468	110	184	556	677	1880	137	280	306	360	487	367	722	70	3995	51	548	1644	275	42	467	625
"Atopobium sp. oral taxon 416"	214	33	56	132	170	415	28	42	74	89	122	74	167	14	1075	18	159	346	63	0	101	173
"Lancefieldella parvula"	74	20	28	65	81	169	16	35	73	32	169	60	97	16	201	0	58	171	21	0	40	61
"Rubrobacter xylanophilus"	33	13	59	57	46	138	14	28	29	32	103	59	126	0	314	0	95	205	15	13	51	62
"Synechococcus sp. M16.1"	91	63	232	184	199	112	42	64	73	88	63	73	82	23	162	52	0	0	0	0	0	0
"Dehalococcoides mccartyi"	125	169	153	962	1193	189	258	432	327	28	267	97	236	36	88	625	161	212	122	0	60	161
"Akkermansia muciniphila"	1573051	574446	687423	1093414	725981	2827720	238043	260137	1413119	2781769	2452380	2253143	1090427	256551	1795890	899832	1453524	3577526	356732	130256	23723	943251
"Aquisphaera giovannonii"	98	13	116	98	87	196	0	22	20	30	119	55	64	0	346	12	89	235	34	19	43	87
"Escherichia coli"	1047196	1747773	1034838	1434343	5273624	114660	88354	195384	147223	2138	12871	2432	5450	1013875	1118712	7250490	8491	4176	2279	14469	1135	93351
"Escherichia albertii"	1415	3833	2226	2347	7977	211	201	479	319	17	58	15	74	2412	1667	12894	47	28	25	42	73	194
"Escherichia fergusonii"	1244	3739	1942	2031	7751	277	195	435	264	24	29	26	58	2287	1680	11779	50	0	0	44	106	119
"Escherichia marmotae"	816	2342	1351	1344	5022	94	134	293	192	24	0	0	12	1611	1047	7998	0	0	0	16	0	79
"Escherichia sp. E4742"	715	1909	1041	1101	3904	132	91	245	176	0	25	0	0	1215	775	6323	0	0	0	11	0	69
"Klebsiella pneumoniae"	2254	4112	2740	3029	8100	1539	359	642	620	1004	1804	830	627	2785	2408	13637	15889	1657	520	140	544	506
"Klebsiella aerogenes"	322	320	374	451	739	265	77	111	180	118	379	270	440	191	360	1049	86	150	141	99	294	111
"Klebsiella oxytoca"	148	307	300	256	597	192	40	67	79	46	151	119	157	201	172	940	58	97	0	12	98	40
"Klebsiella michiganensis"	183	416	269	281	773	100	29	69	94	77	196	197	209	249	249	1389	45	269	0	0	50	32
"Klebsiella quasipneumoniae"	159	376	246	253	630	165	41	67	59	0	152	72	104	228	183	1169	23	76	63	26	51	58
"Klebsiella grimontii"	90	72	122	132	139	156	23	32	30	0	109	67	124	75	118	212	20	39	0	0	77	46
"Klebsiella huaxiensis"	43	169	132	125	411	62	0	15	25	0	0	30	0	99	92	609	0	0	0	0	14	0
"Klebsiella variicola"	125	177	163	147	404	24	15	35	15	0	39	58	0	120	73	583	15	32	0	0	0	0
"Raoultella planticola"	44	73	92	115	161	90	25	31	43	28	205	139	162	59	50	236	32	35	80	34	44	15
"Raoultella ornithinolytica"	205	509	435	478	1098	169	34	59	52	80	80	98	90	304	285	1551	28	54	115	0	0	24
"Enterobacter cloacae"	320	824	535	977	1856	258	86	176	153	84	197	74	124	520	463	2940	142	252	0	0	83	179
"Enterobacter hormaechei"	475	1395	993	940	2337	434	156	250	279	159	320	628	564	758	711	3900	267	290	356	60	216	171
"Enterobacter cancerogenus"	67	169	110	151	309	88	26	41	49	16	158	52	144	107	96	525	29	51	0	0	0	23
"Enterobacter asburiae"	173	323	246	185	624	132	39	80	56	50	118	94	86	234	200	1044	53	140	0	0	43	0
"Enterobacter kobei"	124	146	192	154	485	135	37	69	79	82	111	0	109	107	93	527	0	0	0	0	111	34
"Enterobacter ludwigii"	58	216	126	105	352	0	0	40	50	0	181	0	45	133	79	612	0	0	0	0	0	0
"Enterobacter roggenkampii"	133	241	175	133	648	91	20	35	84	45	244	65	180	162	147	954	0	0	0	0	0	0
"Enterobacter sp. SA187"	155	243	238	245	583	207	37	54	92	41	128	107	157	149	232	848	62	90	57	28	35	88
"Enterobacter sp. JUb54"	107	236	141	152	515	39	12	41	34	16	42	21	45	124	112	795	20	28	0	11	41	40
"Enterobacter sp. E76"	43	157	72	65	238	26	0	22	0	43	32	0	71	97	86	446	0	111	0	0	0	0
"Enterobacter mori"	77	145	110	134	358	31	0	20	21	0	0	0	0	79	97	593	0	0	0	0	30	0
"Citrobacter freundii"	608	1747	1193	1162	3457	340	278	422	206	104	558	343	566	1049	844	5721	112	272	0	0	108	181
"Citrobacter portucalensis"	186	436	411	314	1174	63	0	123	49	143	278	0	210	317	211	1627	0	0	0	0	0	45
"Citrobacter werkmanii"	80	247	167	139	461	26	0	49	23	0	0	0	0	169	109	721	0	0	0	0	0	0
"Citrobacter sp. R56"	89	285	165	154	569	69	31	46	35	0	0	0	33	182	158	936	14	20	0	0	0	13
"Citrobacter sp. RHB25-C09"	107	349	144	182	579	34	21	36	35	0	0	0	0	203	156	973	13	13	0	0	0	14
"Citrobacter rodentium"	152	326	289	257	673	59	18	66	64	38	113	42	116	221	180	1153	16	14	28	0	0	30
"Citrobacter farmeri"	84	320	156	175	604	20	18	48	35	16	43	17	34	189	144	946	0	19	0	0	0	14
"Citrobacter amalonaticus"	112	425	236	262	812	47	43	105	30	44	0	45	45	291	179	1286	29	0	0	0	0	51
"Citrobacter koseri"	946	1261	190	610	3160	23	0	36	452	0	0	0	0	984	901	4701	0	0	0	0	0	36
"Salmonella enterica"	3175	7478	5034	5475	15840	1904	617	1231	1107	999	2349	1794	2302	5205	5091	26363	451	1126	794	186	878	470
"Salmonella bongori"	163	375	263	251	799	99	18	35	68	0	33	0	0	325	183	1380	35	32	0	0	19	25
"Shigella flexneri"	4533	7924	5242	6716	22053	634	464	984	705	0	870	174	504	5060	4057	26659	0	150	0	0	0	540
"Shigella boydii"	954	1815	1180	1281	4908	217	126	243	155	0	0	0	0	1250	907	6310	0	0	0	0	0	101
"Shigella dysenteriae"	503	941	531	702	2311	46	63	171	84	0	0	0	0	591	647	3384	0	0	0	0	0	19
"Shigella sonnei"	1136	1484	545	632	3327	151	31	174	140	0	0	0	0	848	731	4248	0	0	0	0	0	31
"Kosakonia sp. SMBL-WEM22"	49	94	85	51	165	28	0	22	37	27	59	46	59	58	51	257	21	24	0	0	24	19
"Kosakonia arachidis"	91	163	119	130	381	21	11	27	13	0	16	0	11	109	145	585	0	20	16	29	40	20
"Kosakonia cowanii"	75	245	124	134	488	58	45	34	34	0	95	29	61	137	98	774	0	33	0	0	0	26
"Kosakonia sacchari"	54	214	135	139	371	138	0	39	22	0	21	0	14	89	144	605	12	47	0	0	13	28
"Kosakonia radicincitans"	130	242	149	166	533	0	0	25	42	0	0	0	0	143	131	895	60	72	0	0	0	24
"Leclercia adecarboxylata"	180	430	288	287	770	244	60	90	222	49	373	260	427	303	293	1293	79	84	0	0	0	83
"Cedecea neteri"	188	371	415	362	804	316	43	64	99	56	224	126	180	212	238	1334	83	84	35	0	49	59
"Cronobacter sakazakii"	111	271	225	215	427	104	20	58	32	45	58	30	26	177	206	718	90	90	120	63	79	68
"Pluralibacter gergoviae"	91	139	120	149	278	132	13	36	51	31	122	70	99	88	178	440	57	75	79	27	18	54
"[Enterobacter] lignolyticus"	118	259	161	189	587	117	27	49	113	41	214	127	281	173	172	954	19	22	0	0	0	11
"Kluyvera intermedia"	73	173	104	116	331	50	28	35	49	0	194	21	216	127	98	622	0	0	0	0	0	16
"Kluyvera ascorbata"	102	247	172	142	430	45	16	58	40	0	99	27	42	151	183	709	45	52	0	0	28	33
"Lelliottia amnigena"	132	434	265	240	851	32	27	77	33	32	44	68	40	305	204	1353	29	35	0	0	19	40
"Candidatus Symbiopectobacterium sp. SyEd1"	67	86	171	132	175	35	13	19	18	18	92	36	31	32	74	224	31	31	56	37	46	37
"Buttiauxella agrestis"	88	132	102	105	241	182	0	42	0	0	21	0	16	105	58	440	0	12	0	0	18	27
"Pseudocitrobacter sp. G163CM"	101	217	175	171	414	63	0	31	17	35	33	18	34	179	123	745	32	37	31	0	0	32
"Jejubacter calystegiae"	143	289	157	193	563	64	12	29	32	0	32	24	19	181	133	1014	37	53	0	0	12	28
"Atlantibacter hermannii"	72	167	100	118	305	91	18	38	45	0	46	30	31	130	94	518	14	16	0	0	0	19
"Yokenella regensburgei"	80	231	109	174	427	33	21	42	32	0	45	32	57	158	101	763	0	0	0	0	0	35
"Shimwellia blattae"	61	157	104	89	276	16	0	15	16	37	37	27	39	126	77	476	11	39	0	0	16	22
"Scandinavium goeteborgense"	64	202	103	91	327	58	20	33	29	26	75	34	70	116	74	594	0	13	0	0	0	16
"Serratia marcescens"	140	26	161	261	116	582	61	58	69	59	164	162	213	0	291	29	295	573	0	0	183	178
"Serratia ficaria"	134	0	177	256	26	57	0	0	0	91	177	0	154	0	187	0	56	71	157	0	0	79
"Rahnella aquatilis"	111	24	113	74	107	69	0	0	28	34	120	83	0	0	99	64	83	81	69	0	0	82
"Pantoea dispersa"	88	73	252	220	203	145	17	30	73	55	90	65	58	46	242	79	80	91	0	13	35	22
"Pantoea vagans"	61	25	166	174	129	160	21	31	45	44	93	71	58	30	101	68	47	60	81	0	83	38
"Pantoea agglomerans"	69	22	69	100	86	141	14	28	65	19	142	68	84	0	111	20	76	108	0	0	43	63
"Erwinia persicina"	12	17	23	26	18	78	68	49	158	15	468	160	277	0	28	0	18	30	0	0	15	11
"Buchnera aphidicola"	130	53	101	38	70	14	16	15	25	0	112	31	61	43	61	93	63	60	0	0	23	41
"Dickeya zeae"	89	50	113	148	142	103	0	0	82	36	49	96	49	34	95	47	78	99	0	0	33	56
"Pectobacterium carotovorum"	113	0	258	202	163	183	43	37	125	78	300	148	236	0	115	95	104	101	0	0	33	108
"Brenneria goodwinii"	107	0	139	158	126	77	20	0	0	56	72	52	62	0	133	69	43	70	0	0	31	77
"Providencia rettgeri"	62	32	24	0	29	121	50	31	108	0	163	114	233	0	67	65	35	46	0	0	0	27
"Morganella morganii"	104	80	165	185	147	316	35	47	78	49	266	156	194	53	214	141	181	221	60	30	123	122
"Pseudomonas fluorescens"	191	34	291	450	194	787	85	103	76	206	314	164	237	0	344	53	314	390	120	71	255	206
"Pseudomonas protegens"	80	45	89	132	83	83	0	32	41	54	111	98	111	12	149	35	74	150	34	57	76	37
"Pseudomonas syringae"	47	0	94	123	67	587	90	0	259	105	313	411	116	15	57	0	36	139	38	0	41	60
"Pseudomonas aeruginosa"	885	304	1221	1519	1075	1506	162	287	553	491	1379	660	1288	241	2265	403	843	1990	642	249	635	576
"Pseudomonas stutzeri"	152	33	141	292	158	568	62	84	130	160	335	179	379	16	472	50	212	529	85	39	164	169
"Pseudomonas putida"	88	39	149	280	144	380	64	46	113	208	251	243	217	19	412	76	326	617	30	0	121	153
"Pseudomonas chlororaphis"	81	15	168	144	93	268	37	52	51	89	178	127	155	0	301	16	197	322	52	22	135	87
"Shewanella putrefaciens"	57	0	42	73	42	267	24	0	178	0	256	195	263	0	225	0	83	151	0	0	50	35
"Paraglaciecola sp. L1A13"	1609	77	123	183	482	77	185	116	24	0	1021	106	127	368	21	300	104	69	0	0	174	26
"Xanthomonas campestris"	162	30	43	88	222	206	57	60	76	56	256	163	222	59	45	70	169	193	36	0	142	66
"Stenotrophomonas maltophilia"	150	53	144	119	109	493	68	86	176	181	363	229	379	22	295	42	225	489	31	0	55	176
"Vibrio parahaemolyticus"	168	75	129	138	205	80	108	109	47	20	64	20	37	49	21	223	50	21	0	0	22	133
"Vibrio fluvialis"	60	0	64	52	37	57	21	33	65	31	193	60	120	11	44	10	23	19	0	36	62	31
"Vibrio metschnikovii"	2031	277	704	394	791	198	410	601	405	40	1646	1056	487	655	222	1490	42	112	12	0	184	54
"Vibrio cholerae"	59	32	80	170	70	201	22	24	34	50	280	97	94	30	116	129	33	56	0	0	22	19
"Halomonas sp. N3-2A"	523	66	20	47	451	45	25	0	0	43	171	35	128	59	0	65	632	331	60	0	115	83
"Alcanivorax sp. N3-2A"	528	14	45	56	364	128	17	37	31	45	268	75	227	58	151	56	797	355	44	0	98	102
"Aeromonas hydrophila"	89	45	140	135	106	119	48	61	64	215	306	159	313	25	163	70	96	187	156	0	42	56
"Aeromonas salmonicida"	38	0	58	64	31	81	0	13	0	43	51	22	31	0	122	0	263	838	60	53	53	206
"Aeromonas veronii"	64	33	160	128	77	80	50	59	31	129	135	89	134	39	198	62	134	248	28	0	166	75
"Aeromonas jandaei"	0	0	25	45	0	262	52	0	123	91	288	167	291	0	24	0	0	24	0	0	0	0
"Acinetobacter baumannii"	160	67	172	175	210	173	0	51	0	0	123	0	0	396	129	162	73	88	0	0	0	0
"Pasteurella multocida"	1289	43	157	187	740	249	60	71	43	54	784	204	810	73	60	153	3383	1191	221	0	305	116
"Legionella pneumophila"	31	16	42	33	49	155	52	31	118	16	421	153	308	28	19	22	18	40	0	0	13	34
"Rhizobium leguminosarum"	239	129	351	352	224	301	77	89	144	171	381	193	287	78	455	96	269	334	68	122	232	198
"Rhizobium rhizoryzae"	47	0	112	132	25	268	58	56	206	60	456	283	372	0	64	0	13	26	24	0	0	23
"Rhizobium pseudoryzae"	50	0	63	96	56	197	21	44	105	35	156	109	202	0	69	0	33	33	44	17	71	34
"Rhizobium etli"	43	20	43	51	83	130	21	66	21	34	75	28	62	0	284	15	105	165	20	0	111	99
"Agrobacterium tumefaciens"	229	47	487	413	202	463	80	120	276	139	430	390	599	50	237	0	207	271	78	0	91	176
"Agrobacterium vitis"	91	0	150	148	81	123	30	47	76	94	212	127	194	0	191	30	80	115	52	0	99	87
"Neorhizobium galegae"	84	17	112	144	68	192	42	47	82	68	164	120	206	0	123	35	87	66	62	22	76	74
"Ensifer adhaerens"	73	0	62	122	62	134	25	33	40	100	131	65	220	0	198	0	117	114	31	0	68	57
"Bradyrhizobium erythrophlei"	88	11	64	163	90	176	23	22	41	20	113	29	128	0	105	14	62	80	0	0	18	50
"Rhodopseudomonas palustris"	41	13	59	74	50	61	14	13	13	68	80	49	68	0	159	0	116	158	0	12	59	80
"Pannonibacter phragmitetus"	131	51	336	348	146	238	0	0	0	95	201	103	125	54	246	80	102	117	191	77	90	83
"Xanthobacter autotrophicus"	19	0	42	1296	0	18	0	0	0	19	26	17	20	0	37	0	18	34	0	0	0	23
"Aureimonas sp. OT7"	182	0	176	242	172	164	0	118	0	109	129	85	78	0	494	0	212	204	209	124	109	107
"Brucella anthropi"	72	0	97	101	45	184	96	0	208	111	312	362	328	0	137	0	64	103	0	0	0	66
"Bartonella krasnovii"	21	276	20	34	996	69	509	0	32	0	0	0	822	0	17	432	17	22	0	42	0	23
"Roseovarius sp. THAF9"	0	0	40	0	23	177	0	45	140	27	337	192	326	0	36	0	38	64	0	0	0	0
"Salipiger profundus"	76	0	82	124	66	156	0	27	29	59	106	35	115	0	153	0	53	112	59	25	43	39
"Azospirillum brasilense"	56	0	86	106	46	158	22	41	35	38	176	79	129	0	166	0	95	181	33	0	41	64
"Tistrella mobilis"	48	0	98	92	54	57	0	12	10	41	92	66	42	0	78	18	50	68	33	0	19	83
"Sphingobium yanoikuyae"	72	45	108	103	46	212	72	54	87	35	159	128	247	27	87	40	80	87	0	0	51	56
"Novosphingobium sp. THN1"	72	66	155	108	150	142	14	13	38	44	71	32	37	31	290	61	27	74	0	0	0	23
"Burkholderia stabilis"	25	79	153	221	106	133	18	36	51	88	153	104	195	217	35	154	219	591	326	194	487	82
"Burkholderia dolosa"	301	102	162	91	994	495	102	143	125	0	327	288	574	32	1395	0	0	691	0	0	185	253
"Burkholderia cenocepacia"	48	17	64	144	46	134	0	27	26	80	79	69	64	0	74	26	170	121	62	0	0	45
"Burkholderia gladioli"	50	0	100	108	56	109	0	21	24	88	104	45	80	0	103	10	46	56	115	0	16	43
"Paraburkholderia xenovorans"	21	0	44	87	32	226	36	31	109	0	294	197	295	0	42	0	34	37	0	0	0	0
"Cupriavidus sp. EM10"	0	0	34	69	17	339	43	37	126	73	476	143	424	0	17	0	27	56	0	0	0	0
"Cupriavidus metallidurans"	32	0	122	86	61	106	14	20	23	116	126	123	122	0	158	106	44	214	0	0	103	47
"Cupriavidus taiwanensis"	72	0	96	139	49	270	15	31	45	68	83	52	87	115	361	0	196	331	82	0	208	62
"Ralstonia solanacearum"	121	35	186	292	206	676	56	61	125	141	392	176	441	0	326	56	191	358	75	69	171	143
"Turicimonas muris"	25	0	3014	5661	2560	13684	0	0	0	0	48	0	13	0	18	0	17	0	0	0	17	16
"Sutterella wadsworthensis"	10	0	274	471	215	1173	0	0	0	20	46	13	24	0	29	0	27	43	0	0	0	18
"Sutterella megalosphaeroides"	18	0	278	480	223	1065	0	0	0	0	30	0	33	0	33	0	17	22	27	10	23	10
"Variovorax sp. WDL1"	49	0	0	93	0	65	0	0	34	0	136	67	209	0	215	0	94	255	0	0	0	69
"Variovorax paradoxus"	84	88	152	227	107	599	28	80	51	76	129	107	113	0	355	22	57	217	29	0	46	53
"Comamonas aquatica"	120	0	18	115	110	254	0	0	0	89	161	31	296	0	55	0	72	148	0	0	41	19
"Delftia tsuruhatensis"	131	0	187	168	89	247	0	0	64	93	251	131	263	0	151	0	92	258	0	0	0	56
"Ramlibacter tataouinensis"	66	27	80	104	85	184	30	19	68	36	131	55	160	0	207	17	59	83	0	0	0	14
"Alicycliphilus denitrificans"	48	0	25	69	29	224	0	47	0	169	49	0	90	0	261	0	113	249	0	0	156	37
"Massilia sp. HC52"	65	0	57	127	45	229	28	25	68	47	211	72	131	0	65	0	68	79	56	24	47	42
"Massilia lutea"	31	0	49	63	22	247	41	45	170	42	327	161	286	0	25	0	24	11	49	0	0	12
"Janthinobacterium sp. B9-8"	19	0	73	84	36	361	33	17	131	25	269	128	226	0	32	12	0	22	0	0	0	0
"Herbaspirillum frisingense"	25	0	103	82	40	213	40	34	85	16	187	149	145	0	113	0	63	148	0	0	14	29
"Oxalobacter formigenes"	46	14	186	170	83	343	28	27	105	31	194	114	217	0	37	20	0	18	41	46	55	13
"Bordetella trematum"	18	0	29	68	21	228	22	25	136	44	277	290	295	0	26	0	40	68	0	0	0	43
"Achromobacter xylosoxidans"	86	30	151	256	107	555	29	56	54	315	393	242	455	25	313	21	289	743	0	0	96	107
"Ideonella dechloratans"	17	0	48	92	0	322	18	17	59	37	152	67	153	18	51	0	32	68	0	0	0	27
"Denitratisoma sp. DHT3"	68	0	163	144	55	258	0	38	51	57	146	40	78	0	88	0	28	105	153	88	160	39
"Desulfovibrio desulfuricans"	126	33	168	193	94	242	24	41	102	97	240	169	191	16	174	74	157	187	55	58	141	100
"Desulfovibrio sp. IOR2"	48	0	169	210	59	418	0	15	22	61	87	44	72	0	52	0	43	115	51	34	31	33
"Desulfovibrio fairfieldensis"	128	0	117	132	66	161	19	45	24	61	81	30	95	11	141	11	92	187	20	0	23	60
"Oleidesulfovibrio alaskensis"	119	35	156	200	104	164	20	40	42	62	196	89	114	0	339	37	123	288	112	44	111	84
"Sorangium cellulosum"	98	32	116	182	120	305	29	59	102	114	214	135	204	20	563	19	197	397	29	17	59	104
"Desulfosarcina ovata"	89	17	147	193	89	233	0	20	16	32	68	46	50	0	85	12	81	94	70	57	85	41
"Desulfosarcina alkanivorans"	74	15	174	205	54	221	16	21	32	50	82	37	94	0	187	0	122	300	78	27	34	49
"Campylobacter jejuni"	2007	377	288	79	131	105	45	56	49	29	1194	137	120	125	923	691	3352	2035	33	0	85	1260
"Campylobacter coli"	132	31	83	70	20	16	0	28	23	37	113	51	110	27	105	22	175	141	142	0	168	42
"Campylobacter concisus"	47	13	71	86	59	115	22	24	84	11	180	71	120	18	68	13	24	17	26	0	26	57
"Bdellovibrio bacteriovorus"	55	0	166	106	65	76	10	12	33	13	68	58	33	0	62	10	67	49	13	0	27	35
"Alistipes finegoldii"	765293	737021	1803393	1703350	2046250	830988	167792	172120	550417	554768	510720	250607	524965	263932	3626584	561020	4846	1729	848	271	1366	1964
"Alistipes dispar"	12539	11817	31316	24256	33020	12041	2926	3048	9568	7761	7933	4062	7973	4788	30070	8828	142	75	13	0	12	42
"Alistipes senegalensis"	11245	10197	27796	20795	29055	10227	2452	2510	8043	6239	6666	3510	6709	4127	40193	8043	100	62	15	0	26	44
"Alistipes onderdonkii"	11195	9504	26521	19382	29393	8198	2457	2442	7367	5268	7893	4616	7790	3977	21907	7040	330	84	12	44	26	28
"Alistipes communis"	4541	4007	10584	8388	11658	3674	1062	965	3052	3748	4676	3042	4477	1521	9434	2930	91	104	0	0	13	38
"Alistipes megaguti"	3950	3656	9785	6839	10169	2522	920	1048	2768	1387	2595	1516	2524	1512	2926	2502	51	52	12	0	47	27
"Alistipes shahii"	3685	3092	8653	6181	8845	2488	830	803	2355	2171	2937	1876	2981	1340	5441	2277	55	54	97	29	46	14
"Alistipes indistinctus"	140	39	239	240	201	87	18	23	35	104	178	155	198	28	162	36	43	47	0	0	10	31
"Bacteroides salyersiae"	5124	2025	4408	3232	3311	2261	786	838	3846	2561	7700	6331	3460	1080	2023	2344	1837	1966	317	146	119	862
"Bacteroides thetaiotaomicron"	5601	5760	16766	10123	16616	4003	1302	1387	4384	2398	5958	2898	3925	2616	5130	4309	272	161	60	75	138	49
"Bacteroides sp. KGMB10229"	7492	2253	5215	5923	4484	3292	771	1294	5339	1295	4894	3369	1730	1760	2700	3086	721	594	202	0	0	350
"Bacteroides sp. CBA7301"	55	15	89	56	77	31	0	11	10	12	78	31	35	0	47	22	32	14	59	18	31	22
"Bacteroides sp. M10"	81	53	181	73	52	51	0	28	0	42	67	26	31	0	0	29	49	0	56	37	89	22
"Bacteroides xylanisolvens"	3804	4544	12683	7055	12646	2482	1060	921	2652	1508	2700	1587	2251	1890	3593	3399	903	204	21	165	82	147
"Bacteroides fragilis"	2534	2745	7658	4580	7135	1545	675	685	1671	1786	4726	2689	2784	1176	2369	2082	1101	185	105	206	269	381
"Bacteroides uniformis"	4657	4884	9860	6227	11981	2317	1089	747	2387	2348	3470	2318	2615	1343	2832	3196	5693	499	52	267	135	714
"Bacteroides eggerthii"	1575	1073	4212	1552	2757	394	264	242	796	278	1318	718	837	620	1409	752	28	45	0	0	25	12
"Bacteroides ovatus"	1983	2745	7084	4045	7304	1378	1311	734	1327	1196	3515	1837	1879	867	3133	2103	2567	195	56	271	128	237
"Bacteroides stercoris"	171	147	404	283	356	124	52	45	152	90	188	116	162	31	165	100	43	27	41	37	46	35
"Bacteroides nordii"	105	48	205	134	183	74	12	34	68	31	69	48	80	23	109	61	16	13	13	0	23	18
"Bacteroides cellulosilyticus"	109	29	107	69	64	52	20	20	31	83	377	214	163	0	94	15	78	48	0	0	18	39
"Bacteroides caccae"	170	51	208	121	243	136	22	32	75	5552	6532	4495	4524	90	60	65	58	31	0	0	21	18
"Bacteroides zhangwenhongii"	57	38	81	73	138	80	28	25	54	225	356	346	307	0	55	54	104	13	36	12	26	29
"Bacteroides faecis"	168	130	438	256	348	67	31	30	78	32	101	92	63	76	146	125	0	21	0	0	34	25
"Bacteroides helcogenes"	21	12	38	31	24	25	0	0	0	167	1190	932	727	0	31	0	20	15	13	16	20	18
"Bacteroides caecimuris"	46	22	98	68	83	19	0	22	20	89	238	130	123	20	28	27	43	13	15	0	0	11
"Bacteroides intestinalis"	13	20	44	34	30	34	0	0	0	0	25	16	21	0	78	0	23	12	0	0	0	16
"Bacteroides luhongzhouii"	52	47	161	88	103	27	21	19	41	0	62	14	43	24	23	50	54	0	0	0	0	12
"Bacteroides zoogleoformans"	16	0	18	20	0	20	0	0	23	0	72	22	58	0	16	0	0	0	0	0	0	0
"Bacteroides heparinolyticus"	37	0	21	23	27	0	0	0	0	0	19	11	17	0	36	0	38	31	0	0	0	39
"Phocaeicola dorei"	1136	713	2396	1180	1882	427	210	227	625	13366	19506	5519	12080	330	650	428	118	74	14	14	65	34
"Phocaeicola vulgatus"	523	486	1594	1114	1854	419	106	194	477	4949	10182	7581	8431	289	621	458	53	50	0	0	71	28
"Phocaeicola coprophilus"	145	65	322	178	275	148	45	43	79	125	470	209	313	48	174	67	68	38	0	0	42	71
"Phocaeicola salanitronis"	71	61	106	93	103	99	35	37	45	109	302	297	334	20	69	0	32	44	12	0	37	41
"Parabacteroides distasonis"	3795	2115	4958	3445	4799	2891	774	1087	2010	641207	2962687	1901799	2163253	1777	1039	3120	3107	3165	669	559	2758	2333
"Parabacteroides goldsteinii"	213	135	322	103	236	46	84	30	68	776	2987	1881	2016	35	78	220	588	61	25	93	56	169
"Parabacteroides johnsonii"	95	122	251	206	224	86	35	38	86	115	251	209	167	35	133	65	10	24	0	0	14	29
"Parabacteroides merdae"	68	25	138	39	39	69	0	16	49	512	2442	1646	1523	0	81	25	50	44	11	0	19	23
"Tannerella forsythia"	95	53	272	130	258	43	22	27	53	23	59	27	60	47	143	56	12	15	0	0	0	18
"Prevotella dentalis"	53	0	77	66	44	66	0	31	21	21	45	33	36	0	137	0	60	119	51	0	20	42
"Prevotella fusca"	48	0	91	77	35	74	0	0	0	0	39	13	27	0	43	0	23	0	37	27	66	20
"Prevotella bryantii"	32	0	53	29	29	160	30	24	63	25	174	88	198	0	29	0	19	12	0	0	29	22
"Prevotella copri"	30	26	71	62	38	100	0	15	24	17	64	45	35	31	30	20	32	24	0	0	0	16
"Prevotella melaninogenica"	48	37	104	62	78	15	0	0	40	39	273	233	129	50	30	38	58	79	26	0	63	19
"Prevotella ruminicola"	11	0	0	19	20	30	21	26	48	27	204	54	124	0	22	10	21	24	0	0	14	11
"Prevotella intermedia"	51	45	148	96	122	56	0	0	36	43	64	56	56	24	50	36	19	32	0	0	0	0
"Prevotella denticola"	28	0	35	35	15	21	0	17	15	18	122	108	44	20	40	14	29	15	0	0	76	26
"Prevotella nigrescens"	0	0	22	0	24	0	0	0	0	31	151	91	93	0	0	0	0	0	0	0	0	0
"Pseudoprevotella muciniphila"	51	0	47	65	31	17	0	0	10	0	57	14	35	0	44	0	25	23	57	24	29	28
"Paraprevotella xylaniphila"	46	18	45	65	96	53	0	12	19	90	402	197	272	12	41	13	16	20	0	0	11	0
"Muribaculum intestinale"	288	190	675	408	625	123	58	63	171	255	1520	1019	1063	88	411	166	32	18	0	0	0	42
"Muribaculum gordoncarteri"	10	0	37	31	37	24	0	14	0	16	179	97	95	13	13	11	20	21	0	0	0	39
"Duncaniella dubosii"	21	0	36	55	45	44	0	0	15	24	60	43	53	0	31	0	22	18	0	0	16	0
"Sodaliphilus pleomorphus"	64	51	150	89	129	28	18	15	40	40	89	54	58	19	52	37	14	27	0	0	0	12
"Barnesiella viscericola"	104	15	165	119	95	81	0	15	28	39	84	53	59	12	124	23	40	66	93	55	112	43
"Coprobacter secundus"	153	190	462	252	333	101	29	44	119	444	520	438	589	96	208	123	13	0	0	0	0	0
"Butyricimonas virosa"	30	14	56	26	31	43	26	28	38	0	71	48	30	0	67	28	110	49	0	11	0	28
"Butyricimonas faecalis"	35	0	99	103	37	71	0	0	0	142	242	145	176	13	109	19	43	20	0	0	0	74
"Odoribacter splanchnicus"	52	33	43	61	38	53	13	0	15	65	214	160	121	13	217	14	63	42	13	12	27	94
"Porphyromonas somerae"	36	14	87	35	25	86	17	19	86	121	305	206	288	17	22	14	0	0	0	0	0	0
"Porphyromonas gingivalis"	14	0	30	26	19	45	10	0	33	83	183	176	180	0	58	0	24	68	0	0	19	14
"Cruoricaptor ignavus"	0	0	22	26	27	120	28	30	127	21	269	140	330	0	0	0	14	0	0	0	21	0
"Blattabacterium cuenoti"	95	10	45	24	11	12	0	11	17	0	57	15	50	33	24	32	22	33	0	0	35	48
"Sphingobacterium spiritivorum"	79	21	25	53	60	143	50	51	142	46	299	165	252	16	41	21	34	0	0	0	33	30
"Chitinophaga sp. XS-30"	66	18	94	106	67	59	19	35	26	30	127	80	112	0	113	0	44	53	109	0	65	68
"Treponema peruense"	72	16	46	63	61	186	80	89	270	37	496	386	357	0	41	18	50	49	43	0	64	50
"Treponema parvum"	78	13	135	138	47	234	18	23	85	67	210	99	187	0	100	0	81	66	123	45	68	60
"Treponema denticola"	75	27	76	82	65	220	114	111	359	73	816	493	491	25	137	18	78	96	12	0	47	59
"Treponema azotonutricium"	100	28	150	127	72	74	0	37	24	51	80	58	98	0	147	11	123	117	70	24	84	82
"Treponema primitia"	57	23	99	134	65	134	30	36	98	69	201	156	205	19	214	33	95	141	59	29	42	47
"Treponema brennaborense"	62	10	141	82	66	118	19	33	55	37	164	90	151	0	58	28	65	46	22	11	52	59
"Treponema vincentii"	45	38	96	63	41	78	18	16	67	22	144	79	116	22	78	0	33	42	34	10	66	87
"Sphaerochaeta pleomorpha"	91	19	179	148	81	136	16	32	44	36	128	122	98	12	70	0	67	37	127	52	106	63
"Sphaerochaeta globosa"	123	22	156	102	87	70	30	37	53	47	114	111	76	16	152	52	60	70	53	22	77	76
"Sphaerochaeta associata"	70	0	55	79	26	60	14	27	55	50	111	46	110	0	39	17	26	53	11	37	52	24
"Breznakiella homolactica"	158	65	395	382	188	252	40	52	89	108	246	197	152	46	206	103	173	196	196	42	118	137
"Fusobacterium ulcerans"	170	46	153	44	60	60	24	21	28	48	110	29	55	64	81	51	86	79	13	0	37	63
"Fusobacterium nucleatum"	213	32	171	79	63	55	34	50	92	16	235	112	132	67	85	54	83	47	30	0	42	95
"Fusobacterium varium"	65	0	41	24	17	13	0	16	26	0	67	18	30	26	24	18	20	25	0	0	0	16
"Fusobacterium pseudoperiodonticum"	67	0	85	0	30	43	0	0	0	22	36	0	0	26	31	18	0	66	0	0	37	0
"Pyramidobacter piscolens"	182	25	360	225	247	278	52	47	60	138	273	142	211	20	383	33	381	450	25	45	98	237
"Cloacibacillus porcorum"	105	22	142	145	90	233	33	49	117	165	255	199	337	20	160	33	148	186	46	0	26	101
"Fretibacterium fastidiosum"	94	20	108	116	53	153	26	16	58	101	216	74	204	13	175	12	181	254	43	0	17	74
"Aminomonas paucivorans"	24	17	119	122	75	126	19	27	32	45	71	75	66	21	162	39	70	194	0	0	27	46
"Fusarium pseudograminearum"	929	46	79	255	831	175	58	42	49	92	602	103	458	125	28	187	855	538	63	0	258	278
"Fusarium venenatum"	148	0	28	54	93	54	15	0	21	0	232	57	138	31	43	31	100	46	0	0	24	36
"Fusarium poae"	151	0	19	42	100	56	14	0	14	0	119	39	69	17	27	38	86	50	19	0	42	37
"Pochonia chlamydosporia"	179	21	65	115	109	119	19	16	55	64	196	93	91	14	57	38	97	118	10	0	24	63
"Ustilaginoidea virens"	1067	21	67	278	1077	235	59	77	55	82	579	105	549	121	28	225	1096	707	76	0	276	324
"Purpureocillium takamizusanense"	95	13	33	97	93	111	13	11	34	29	157	16	79	21	36	24	94	57	0	0	42	26
"Colletotrichum higginsianum"	342	19	42	95	254	97	28	28	51	54	222	77	139	43	85	98	399	261	27	0	96	77
"Thermothelomyces thermophilus"	146	0	56	75	62	32	13	0	17	26	85	26	81	11	46	16	71	34	0	0	49	25
"Neurospora crassa"	140	12	61	56	75	91	25	30	64	33	176	78	118	15	61	26	95	73	21	0	25	23
"Botrytis cinerea"	251	0	36	32	111	30	13	13	13	0	172	10	69	31	26	38	99	56	0	0	36	29
"Kluyveromyces marxianus"	144	0	10	0	30	13	0	0	0	0	84	0	0	10	0	11	104	35	0	0	0	24
"Cryptococcus neoformans"	209	29	73	136	79	152	20	11	72	65	274	150	228	14	74	71	116	112	12	0	11	47
"Psilocybe cubensis"	138	12	26	61	104	48	18	20	0	11	135	16	73	18	28	20	71	50	0	0	32	38
"Puccinia striiformis"	104	0	26	44	55	75	16	12	41	14	153	65	103	16	26	29	74	40	0	0	37	18
"Plasmodium malariae"	202	11	55	43	117	24	16	18	11	15	161	12	48	19	21	31	99	57	14	0	57	31
"Plasmodium vivax"	170	15	23	69	126	71	17	15	16	18	171	21	80	49	42	50	144	54	12	0	72	57
"Plasmodium knowlesi"	78	0	13	17	31	0	0	0	0	0	66	0	21	0	25	13	29	14	0	0	34	19
"Neospora caninum"	147	13	37	69	68	77	19	15	23	0	98	20	59	12	39	19	89	53	11	0	31	40
"Besnoitia besnoiti"	172	0	64	73	70	60	21	20	18	35	122	38	114	12	100	34	109	112	55	0	41	68
"Toxoplasma gondii"	278	0	39	74	156	45	20	0	27	13	207	23	63	40	63	20	186	96	0	0	71	45
"Leishmania mexicana"	1970	18	85	212	901	152	96	99	28	28	1163	114	321	167	52	257	986	421	24	0	213	166
"Leishmania major"	454	14	29	113	411	158	37	50	31	29	282	38	190	43	79	85	328	201	0	18	88	101
"Leishmania infantum"	267	0	69	101	248	34	38	34	0	0	169	0	98	20	0	31	162	75	0	0	57	36
"Leishmania donovani"	338	0	0	86	208	60	0	0	0	0	139	0	109	31	0	43	169	108	0	0	38	55
"Leishmania panamensis"	396	0	26	64	225	45	20	22	15	0	168	31	73	38	0	50	187	115	0	0	52	43
"Enterobacter cloacae complex sp."	59	193	188	128	435	0	0	0	0	0	0	0	0	189	101	739	0	0	0	0	0	0
"Fusarium musae"	60	20	26	27	45	0	0	0	0	0	40	0	29	12	0	0	75	45	0	0	38	0
"Parabacteroides sp. CT06"	125	0	225	59	73	0	0	0	68	838	4828	2466	2852	0	0	0	0	0	0	0	0	0
"Bacteroides sp. HF-162"	0	0	223	0	241	0	0	0	0	9501	34537	22669	27850	0	0	0	132	0	0	0	0	0
"Bacteroides sp. ZJ-18"	0	0	0	0	0	0	0	0	0	205	886	249	312	0	0	0	0	0	0	0	0	0
