"SRR5865065"	"SRR5865066"	"SRR5865067"	"SRR5865068"	"SRR5865069"	"SRR5865070"	"SRR5865071"	"SRR5865072"	"SRR5865073"	"SRR5865074"	"SRR5865075"	"SRR5865076"	"SRR5865077"	"SRR5865078"	"SRR5865079"	"SRR5865080"	"SRR5865081"	"SRR5865082"	"SRR5865083"	"SRR5865084"	"SRR5865085"	"SRR5865086"	"SRR5865087"	"SRR5865088"	"SRR5865089"	"SRR5865090"	"SRR5865091"	"SRR5865092"	"SRR5865093"	"SRR5865094"	"SRR5865095"	"SRR5865096"	"SRR5865097"	"SRR5865098"	"SRR5865099"	"SRR5865100"	"SRR5865101"	"SRR5865102"	"SRR5865103"	"SRR5865104"	"SRR5865105"	"SRR5865106"	"SRR5865107"	"SRR5865108"	"SRR5865109"	"SRR5865110"	"SRR5865111"	"SRR5865112"	"SRR5865113"	"SRR5865114"	"SRR5865115"	"SRR5865116"	"SRR5865117"	"SRR5865118"	"SRR5865119"	"SRR5865120"	"SRR5865121"	"SRR5865122"	"SRR5865123"	"SRR5865124"	"SRR5865125"	"SRR5865126"	"SRR5865127"	"SRR5865128"	"SRR5865129"	"SRR5865130"	"SRR5865131"	"SRR5865132"	"SRR5865133"	"SRR5865134"	"SRR5865135"
"28-4"	0	0	0	0	0	0	0	0	0	0	0	0	0	0	0	0	0	0	0	0	0	0	0	0	0	0	0	0	0	0	0	0	0	0	0	0	0	0	0	0	0	0	0	0	0	0	0	0	0	0	34	0	0	0	0	0	0	0	0	0	0	0	0	0	0	0	0	0	0	0	0
"Abiotrophia"	0	27	0	0	156	0	95	37	0	0	0	0	8	0	0	14	35	36	8	15	17	16	24	10	0	8	15	0	0	13	0	8	41	32	13	25	0	0	15	13	0	28	33	11	0	0	0	10	33	68	8	118	16	12	14	35	0	11	0	0	0	0	0	86	17	18	56	29	12	0	16
"Acetanaerobacterium"	0	0	0	0	0	0	0	8	0	0	0	0	0	0	0	0	8	0	0	0	0	17	11	0	0	0	0	0	0	0	0	0	10	0	0	0	18	0	0	0	0	0	0	0	0	0	0	0	0	0	0	0	0	0	0	0	0	0	0	0	0	0	0	0	0	0	0	0	0	0	0
"Acetatifactor"	0	0	0	0	0	0	0	0	0	0	0	0	0	0	0	0	0	0	0	0	0	0	0	0	0	0	0	0	0	0	0	0	0	3	0	0	0	0	0	0	0	0	0	0	0	0	0	0	0	0	0	0	0	0	0	0	0	0	0	0	0	0	0	0	0	0	0	0	0	0	0
"Acidaminococcus"	0	1818	0	0	0	0	0	0	0	80	342	0	3450	447	86	30	0	4812	0	13	0	0	1240	7510	17	1686	0	0	0	0	0	0	1270	6139	0	0	27	0	5884	237	3696	0	89	0	0	383	0	130	250	15535	0	0	0	0	0	551	3560	0	4218	0	0	0	948	0	0	0	0	0	3493	0	0
"Acinetobacter"	3	0	0	25	0	0	9	16	0	0	0	0	0	0	70	0	0	79	25	6	0	4	17	0	20	0	0	0	0	0	0	0	0	0	0	0	59	0	0	0	0	0	32	0	0	78	0	0	5	2	0	0	4	0	0	0	0	0	0	0	0	0	28	0	0	0	0	0	0	0	0
"Actinobacillus"	0	0	0	0	0	0	0	0	96	0	0	0	0	0	0	0	0	93	231	0	0	0	0	0	0	0	0	0	0	0	0	44	0	0	0	0	0	0	0	28	0	0	174	864	0	0	0	0	0	0	0	171	0	0	0	0	0	0	0	0	0	0	0	0	0	0	0	0	0	0	0
"Actinomyces"	25	15	9	12	64	0	120	13	9	44	3	9	26	8	15	26	0	141	66	0	0	0	18	47	31	0	0	181	123	3	0	13	66	55	12	4	77	0	37	34	0	20	12	0	0	0	0	17	36	15	28	34	19	46	0	0	0	0	0	0	16	0	0	23	0	0	0	58	4	0	0
"Adlercreutzia"	0	0	0	0	0	16	0	0	0	0	0	0	26	0	0	0	0	0	56	0	0	0	158	0	0	0	0	0	0	0	0	0	0	0	0	0	0	0	0	0	0	0	0	0	0	0	0	0	0	11	0	0	0	0	0	0	0	0	0	0	0	0	0	0	0	0	0	0	0	0	0
"Aeromonas"	0	0	0	21	0	0	0	0	0	0	0	0	0	0	0	0	0	0	35	0	0	0	0	0	0	0	0	0	0	0	0	0	0	0	0	0	134	0	0	0	0	0	0	0	159	0	0	0	0	0	0	0	0	0	0	0	0	0	0	0	182	4606	0	0	0	0	0	0	0	0	0
"Agathobacter"	4685	1817	14656	791	1161	991	803	12419	1288	5587	1950	4402	1507	1010	1262	2253	2121	4334	1571	15146	3420	420	17243	12728	20937	3798	3369	4665	29932	1402	169	6831	5726	3115	10268	4600	5371	4498	620	3195	1710	9695	13701	415	736	4588	3504	5623	7448	15796	2667	14137	20779	4719	12240	4525	5970	10785	1377	4171	1318	293	6466	4871	21172	11424	5106	11616	2192	1303	10582
"Aggregatibacter"	0	5	0	0	0	0	0	0	0	0	0	0	0	0	0	0	0	9	22	0	0	0	4	0	0	0	0	58	14	0	0	159	0	0	0	0	0	0	0	0	0	216	187	0	0	0	0	0	0	0	0	91	11	0	0	0	0	0	23	0	0	9	0	0	0	0	0	0	0	0	0
"Akkermansia"	1242	1757	106	6454	13709	125	143	64	0	810	39222	144	26	34	38435	43913	51	57	6982	80	54	1429	6347	51	0	670	2139	11444	72992	131	109	3708	116	4407	820	4270	78	49	37772	18378	46	947	364	2510	77	50	161	65	75	43	2786	260	123	10362	33	191	675	857	344	15	13428	1605	99	113	133	125	866	4908	765	51	5596
"Alcaligenes"	0	0	0	4	0	0	0	0	0	0	0	0	0	0	0	0	0	0	0	0	0	0	0	0	0	0	0	0	0	0	0	0	0	0	0	0	0	0	0	0	0	0	0	0	0	0	0	0	0	0	0	0	0	0	0	0	0	0	0	0	0	0	0	0	0	0	0	0	0	0	0
"Alistipes"	3113	609	5553	989	622	182	226	2177	39	2230	5465	38	1734	558	2597	8610	191	4187	4138	36	446	2249	10504	1273	1124	2366	1366	13293	192	72	18182	3491	8984	3613	649	1647	607	957	1657	2964	128	211	299	450	220	106	3861	1189	1732	5897	4808	473	4100	6883	233	165	1595	654	1455	3351	131	287	2502	151	1164	1889	1757	436	496	669	3259
"Allisonella"	234	84	0	70	0	155	0	180	0	91	26	0	77	401	797	0	29	2092	133	0	12	10	351	629	0	0	0	0	0	0	0	0	32	346	0	37	69	575	0	119	59	538	490	1723	490	637	0	107	190	166	0	0	0	0	0	0	57	0	0	455	0	138	0	1249	17	0	0	0	62	0	0
"Allobaculum"	0	0	0	0	0	0	0	0	0	0	0	0	0	0	0	0	0	7	0	0	0	0	0	0	0	0	0	0	0	0	0	0	212	0	0	0	0	0	0	0	0	0	0	0	0	0	0	0	0	0	0	0	0	0	0	0	0	0	0	0	0	0	0	0	0	0	0	0	0	0	0
"Alloprevotella"	33	0	45	646	135	3288	46	0	36	9087	12	0	0	8082	41	22	65	9413	7	0	0	0	2147	31	57	14	22	272	209	5044	0	0	6421	47	17	351	5351	11165	1593	117	5804	58	24	0	12388	0	0	5712	14707	20	1700	91	19	0	0	62	5149	34	0	0	0	0	22	2325	2655	30	1123	3	25	243	0
"Allorhizobium-Neorhizobium-Pararhizobium-Rhizobium"	0	0	0	0	0	0	9	0	0	0	0	0	0	0	0	0	0	0	0	0	0	0	0	0	0	0	0	0	0	0	0	0	0	0	0	0	0	0	0	0	0	9	4	0	0	0	0	0	0	0	0	0	0	0	0	0	0	0	0	0	0	0	0	0	0	0	0	0	0	0	0
"Alloscardovia"	0	0	0	9	0	0	0	0	0	0	0	0	0	0	0	0	0	0	0	0	0	0	0	3	0	0	0	0	0	0	0	0	0	0	15	0	0	0	0	0	0	0	0	0	0	0	0	0	0	0	0	0	0	0	0	0	0	7	0	0	0	0	0	0	0	0	0	0	0	0	0
"Anaerococcus"	0	0	0	0	6	0	0	0	0	0	0	0	0	0	0	0	0	0	0	0	0	2	0	4	0	0	0	0	2	0	0	0	0	0	0	0	0	0	8	0	0	0	0	0	0	0	0	0	0	0	0	3	0	0	0	0	0	0	0	0	0	0	0	5	0	0	0	0	0	0	0
"Anaerofilum"	5	22	0	191	0	101	0	9	0	15	52	0	172	0	0	0	101	0	10	0	0	0	12	0	23	11	0	0	0	0	0	2	10	0	0	30	77	0	0	0	0	0	0	0	0	4	0	4	5	0	17	0	0	0	0	0	0	0	0	0	0	7	0	0	0	0	0	6	0	27	0
"Anaerofustis"	0	0	3	0	7	0	0	7	0	0	0	0	0	0	0	0	0	0	0	0	0	0	3	0	0	0	0	0	0	0	0	0	0	0	0	0	0	0	0	0	0	0	0	0	0	0	0	0	0	0	0	0	0	15	0	0	0	0	0	0	0	0	0	0	0	7	0	0	0	0	0
"Anaeroglobus"	27	0	0	0	0	0	0	0	0	0	0	0	0	0	0	65	0	0	4	0	0	0	3	0	0	0	7	63	113	0	0	0	0	39	0	0	0	0	31	8	0	0	36	22	0	0	0	24	0	0	8	0	0	44	0	0	0	0	0	0	0	0	0	0	0	0	0	0	0	0	0
"Anaeroplasma"	0	0	0	0	31	0	5	0	0	0	0	0	0	0	0	0	5	0	0	0	3	0	0	0	0	0	0	0	0	0	15	0	0	0	3	4	0	0	0	0	0	0	0	0	0	0	0	0	0	5	0	8	2	0	0	0	0	0	0	0	0	0	0	5	6	0	5	3	0	0	0
"Anaerosporobacter"	0	0	0	0	0	0	0	0	0	0	339	0	0	0	741	0	0	0	0	0	0	0	0	0	0	0	0	0	0	0	0	0	0	0	0	0	0	0	0	0	0	0	0	0	0	0	0	0	0	0	0	0	0	0	0	0	0	0	0	0	0	0	0	0	0	0	0	0	0	0	0
"Anaerosporomusa"	0	0	0	0	0	0	0	0	0	0	0	0	0	7	0	0	0	0	0	0	0	0	0	0	0	0	0	0	0	0	0	0	0	0	0	0	0	0	0	0	0	0	0	0	0	0	0	0	0	0	0	0	0	0	0	0	0	0	0	0	0	0	0	0	0	0	0	0	0	0	0
"Anaerostipes"	124	99	2155	29	14738	412	14548	172	363	178	158	794	56	56	942	273	956	48	74	393	146	51	117	82	1168	38	1815	330	1848	67	550	27	35	234	214	218	165	169	43	1181	40	146	483	228	253	80	446	25	31	2771	1319	605	1738	67	1578	2169	109	155	107	208	493	333	345	2313	946	575	331	2557	54	30	1675
"Anaerotruncus"	67	87	9	59	66	0	34	70	0	33	577	0	19	0	208	102	0	13	25	0	15	45	513	0	17	9	0	220	0	0	0	167	17	0	29	136	6	0	278	122	0	0	11	0	0	13	16	0	0	23	26	31	0	85	0	13	0	0	0	0	112	53	0	16	0	0	29	0	15	9	0
"Anaerovorax"	0	0	0	0	0	0	0	0	0	0	9	0	0	0	0	0	0	0	3	0	24	0	0	0	0	0	0	0	0	0	0	0	0	0	0	0	0	0	0	0	0	0	0	0	0	0	0	0	0	0	0	0	0	63	0	0	0	0	8	0	63	0	0	0	0	0	0	0	0	0	0
"Angelakisella"	18	41	0	71	0	18	0	275	0	144	30	0	16	0	0	0	113	0	31	0	116	129	98	0	39	0	0	0	0	0	0	240	61	22	0	23	36	0	0	0	0	0	0	0	0	0	0	28	85	172	33	0	0	0	0	0	36	0	91	0	203	0	0	0	32	0	0	0	28	23	0
"Arcobacter"	0	0	0	0	0	0	0	0	0	0	0	0	0	0	0	0	0	0	0	0	0	0	0	0	0	0	0	0	0	0	0	0	0	0	0	0	0	0	0	0	0	0	0	0	0	0	0	0	0	0	0	0	0	0	0	0	0	0	5	0	0	0	0	0	0	0	0	0	0	0	0
"Asaccharospora"	0	0	0	0	0	0	0	0	0	0	0	0	0	0	0	0	0	0	0	0	0	0	0	0	0	0	0	0	0	0	0	0	0	0	0	0	0	0	0	0	0	0	0	0	0	0	0	0	0	0	0	0	0	0	0	0	0	0	0	0	0	0	0	0	0	0	0	0	0	3	0
"ASF356"	0	2	0	0	10	0	16	0	0	0	0	0	0	0	0	0	0	0	0	0	4	0	0	0	0	0	0	0	0	0	0	0	0	0	0	0	0	0	0	0	0	0	0	0	0	0	0	0	0	0	0	0	0	0	0	0	0	4	0	0	0	0	0	0	0	0	0	0	0	0	0
"Asteroleplasma"	0	0	0	22	0	0	0	0	0	142	0	0	8	0	0	0	10	0	0	0	0	0	0	0	0	0	0	0	0	0	0	0	0	0	0	0	0	0	0	0	0	0	0	0	0	0	0	0	0	0	0	0	0	0	0	0	0	0	0	0	0	0	0	0	0	0	0	0	0	22	0
"Atopobium"	9	0	5	0	0	0	92	5	0	15	0	0	0	11	38	11	0	146	21	2	0	16	20	0	0	0	3	201	27	0	0	3	13	11	4	0	0	0	11	53	0	9	12	0	0	6	0	12	14	0	23	61	0	4	8	0	0	0	0	0	17	5	0	0	4	0	0	22	0	0	0
"Bacillus"	0	0	0	0	0	0	0	0	0	0	0	0	0	0	0	0	0	0	0	0	0	0	0	0	0	0	0	0	0	0	0	0	0	0	0	0	0	0	0	0	0	0	0	0	44	0	0	0	0	0	0	0	0	0	0	0	0	0	0	0	0	0	0	0	0	0	0	0	0	0	0
"Bacteroides"	35162	25097	98585	31115	37394	3938	2825	13656	24790	32945	43212	37431	12396	10895	37013	42125	7997	8482	37040	145060	8335	22834	136029	8945	8096	15250	56388	189165	128979	25287	91721	31184	32158	26354	17989	44009	8949	11950	18080	45616	2703	8366	7202	39566	2839	5825	64108	66943	6017	25099	19573	11136	124308	89716	56422	44416	11964	19063	31077	50974	144872	68877	46291	3677	19899	52528	18987	9754	14742	8855	73521
"Barnesiella"	4743	1705	0	61	0	0	8	161	1585	411	709	3888	582	0	12	0	151	109	1193	0	115	0	1154	46	65	42	0	0	54	3078	0	339	139	2438	384	159	0	514	0	0	35	77	107	27	46	0	673	2107	347	606	239	84	844	399	0	794	0	0	23	3261	14	218	44	60	32	27	91	140	1119	37	3544
"Bergeyella"	0	0	0	0	0	0	0	0	0	0	0	0	0	0	0	0	0	0	0	0	0	0	0	0	0	0	0	0	0	0	0	5	0	0	0	0	0	0	0	0	0	0	0	6	0	0	0	0	0	0	0	0	0	0	0	0	0	0	2	0	0	0	0	0	0	0	2	0	0	0	0
"Bifidobacterium"	36	9	216	104	8163	719	19879	3763	107	257	77	658	2488	31	278	818	8732	147	17	1551	0	11	8110	510	343	0	11	998	236	88	0	255	929	620	1154	156	47	97	119	3097	139	2951	2763	19	26	223	171	178	235	227	519	2669	3105	0	22	28	41	0	0	21	0	35	1438	10	616	2712	0	218	76	104	579
"Bilophila"	588	123	15	128	0	41	0	72	0	93	853	10	128	511	583	587	255	107	1233	0	30	71	2577	37	64	42	103	0	1129	331	0	282	925	342	88	305	0	80	563	0	42	0	16	169	62	36	377	513	1017	476	158	81	1174	1605	0	33	196	23	0	332	0	318	122	0	56	344	41	124	61	0	238
"Blastocystis"	0	0	0	4	0	0	0	0	0	0	0	0	0	0	0	0	0	0	0	0	0	0	0	0	0	0	0	0	0	0	0	0	0	0	0	0	0	0	0	0	0	0	0	0	0	0	0	0	0	0	0	0	0	0	0	0	0	0	0	0	0	0	0	0	0	0	0	0	0	0	0
"Blautia"	1324	507	4556	661	101893	1636	45190	12275	1236	1984	2462	4112	1387	1245	2242	3331	5617	1879	988	11466	1992	1046	3270	2612	5865	747	1709	7304	7208	1196	315	906	2009	1870	1623	1737	1272	1093	3259	4477	717	1765	4590	1473	657	1395	3930	1959	1077	4006	9816	7474	7876	3750	3693	16229	1305	1694	811	4788	11748	2432	1034	5968	2592	2725	2349	17161	813	742	2929
"Brevundimonas"	0	0	0	0	0	0	0	0	0	0	0	0	0	0	0	0	0	0	0	0	0	0	0	0	0	0	0	0	0	0	0	0	0	0	0	0	0	0	0	0	0	0	0	0	0	0	0	0	0	3	0	0	0	0	0	0	0	0	0	0	0	0	0	0	0	0	0	0	0	0	0
"Bulleidia"	0	0	0	0	0	0	0	0	0	0	2	0	0	0	0	0	0	0	0	0	0	0	0	0	0	0	0	0	0	0	0	0	0	0	0	0	0	0	0	0	0	0	0	0	0	0	0	0	0	0	0	0	0	0	0	0	0	0	0	0	0	0	0	0	0	0	0	0	0	0	0
"Butyricicoccus"	244	170	375	242	1541	572	135	281	354	527	261	261	720	98	118	1001	396	192	523	540	651	126	1608	519	328	85	359	507	555	67	34	135	199	252	148	329	605	660	111	407	47	271	566	577	384	473	492	144	213	714	652	514	1403	1147	305	684	431	228	34	177	803	338	599	2357	270	156	203	2439	104	136	102
"Butyricimonas"	860	280	0	472	0	116	3	63	0	1208	1955	0	229	331	152	574	19	636	6207	0	74	62	864	7	28	553	156	476	866	0	8	1416	1032	946	657	1075	1029	77	43	385	56	103	160	0	39	60	63	187	500	107	135	50	0	347	5	24	237	55	18	0	4175	1925	336	0	73	2	29	13	182	90	220
"Butyrivibrio"	0	0	30	12077	0	0	23	0	0	1954	0	0	48	0	19	0	0	18	10	0	0	0	0	0	0	35	0	0	0	0	0	0	0	0	0	0	3520	0	0	0	72	46	0	0	0	0	0	0	0	8	4016	0	0	0	0	0	0	0	0	0	0	0	0	0	0	0	0	0	0	3926	0
"CAG-352"	0	0	0	763	0	0	0	0	0	506	0	0	476	0	0	0	0	0	0	0	0	0	0	0	1464	0	0	0	0	0	0	0	0	0	0	0	0	0	0	0	0	0	0	0	0	0	0	13	0	0	0	0	10	0	0	0	0	0	0	0	0	0	0	0	4726	0	1435	0	6	0	0
"CAG-56"	640	251	466	58	0	87	0	58	0	137	63	0	159	0	111	0	47	30	387	0	287	0	1197	96	255	0	0	447	0	47	46	0	0	485	131	0	153	123	0	0	43	43	84	0	0	33	344	0	21	549	714	0	1253	646	0	0	142	237	290	417	0	0	425	679	86	151	55	0	223	20	0
"CAG-873"	27	0	0	0	0	0	18	0	18	51	0	0	13	0	18	0	0	23	0	0	0	0	0	44	1928	0	32	125	0	0	0	0	0	31	0	0	25	16	48229	27	0	49	20	0	0	0	0	0	0	0	44261	39	0	0	0	48	112	33	0	0	10	0	46	0	0	0	35	0	0	0	0
"Campylobacter"	15	3	0	0	2	0	0	0	0	6	0	0	12	4	0	9	0	10	45	0	5	0	39	16	0	0	0	39	18	6	0	75	4	8	0	0	9	0	31	9	0	7	20	0	93	0	0	10	12	0	4	17	4	0	6	2	0	20	20	0	4	0	149	0	0	0	4	0	0	3	0
"Candidatus_Arthromitus"	0	0	0	0	0	0	6	0	0	0	0	0	5	0	3	0	0	0	0	0	0	0	0	0	0	0	0	0	0	0	0	0	0	0	0	0	0	0	0	0	0	4	0	0	0	0	2	0	0	0	0	0	3	0	0	0	0	0	0	0	0	0	0	0	0	0	0	0	0	0	0
"Candidatus_Methanogranum"	0	0	0	0	0	0	0	0	0	0	0	0	0	0	0	0	0	0	0	0	0	0	0	0	0	0	0	0	0	0	0	0	0	0	0	0	0	0	0	0	0	0	0	0	0	0	0	0	0	0	0	0	0	0	0	0	142	0	0	0	0	0	0	0	0	0	0	0	0	0	0
"Candidatus_Saccharimonas"	3	7	0	0	94	2	23	9	0	0	0	0	3	3	0	14	7	0	3	0	0	3	0	3	0	7	6	6	8	0	24	0	14	12	4	8	0	0	6	4	0	0	12	0	0	0	0	0	10	21	0	25	4	3	0	10	0	9	9	0	0	4	0	9	0	8	3	0	6	11	0
"Candidatus_Soleaferrea"	0	0	30	355	42	0	0	80	0	11	3	0	194	2	0	4	55	24	14	0	5	35	121	2	4	0	0	0	0	0	0	0	49	6	0	18	0	0	0	6	0	0	0	0	0	0	6	50	122	6	18	10	7	5	0	0	36	0	0	0	36	0	0	14	0	0	30	12	28	4	23
"Candidatus_Stoquefichus"	0	0	0	0	0	0	0	0	0	0	0	0	0	0	0	0	0	0	0	195	0	0	0	0	0	0	0	0	0	0	0	0	0	0	0	0	0	0	0	0	0	0	0	0	0	0	0	0	0	0	0	0	0	0	0	165	0	0	0	0	593	94	0	0	0	0	0	0	0	0	0
"Capnocytophaga"	0	0	0	0	0	0	0	0	0	0	0	0	0	0	0	0	0	0	0	0	0	0	0	0	0	0	0	0	0	0	0	0	0	0	0	0	0	0	0	0	0	0	3	0	0	0	0	0	0	0	0	0	0	0	0	0	0	0	0	0	0	0	0	0	0	0	0	0	0	0	0
"Caproiciproducens"	0	0	0	0	0	16	0	38	0	0	0	0	0	0	0	0	0	18	0	0	0	0	56	16	0	0	0	0	0	0	0	0	0	0	10	0	44	0	0	0	0	0	5	0	0	0	15	0	0	0	191	0	15	0	0	0	8	0	0	0	0	0	15	0	0	0	8	0	30	0	0
"Cardiobacterium"	0	0	0	0	0	0	0	0	0	0	0	0	0	0	0	0	0	50	4	0	0	0	0	0	0	0	0	0	61	0	0	0	0	0	5	0	0	0	0	0	0	4	0	0	0	0	0	4	0	0	0	8	0	0	0	0	0	0	0	0	0	0	0	0	0	0	4	5	0	0	0
"Catabacter"	0	0	0	0	0	0	0	0	0	0	14	0	13	0	0	2	8	0	0	0	12	8	0	0	0	0	0	0	0	0	0	21	5	0	0	7	0	0	13	20	0	0	0	0	0	0	11	0	18	0	38	0	0	0	0	0	8	0	0	0	0	2	0	0	0	0	0	0	3	0	0
"Catenibacterium"	0	192	0	218	12	1203	0	1305	397	0	2086	1810	1252	1335	148	8	9	1872	199	0	32	89	212	938	0	10	0	0	685	351	0	135	96	280	234	27	1384	154	21	0	198	460	234	0	199	1446	0	220	557	0	0	193	0	0	0	0	39	11	27	136	0	0	0	0	0	0	0	0	514	48	0
"Catenisphaera"	0	0	0	0	0	0	0	0	0	0	0	0	0	0	0	0	0	0	0	0	0	0	0	114	0	11	0	0	0	0	0	0	143	0	0	0	0	0	0	0	0	0	0	0	0	0	0	59	86	0	0	0	0	0	0	0	0	0	0	0	0	0	0	0	0	0	0	0	0	0	0
"Catonella"	0	0	0	0	0	0	0	0	0	0	0	0	0	0	0	0	0	3	0	0	0	0	0	0	0	0	0	0	0	0	0	0	0	0	0	0	0	0	0	0	0	0	0	0	0	0	0	0	0	0	0	0	0	0	0	0	0	0	0	0	0	0	0	0	0	0	0	0	0	0	0
"Caulobacter"	0	0	0	0	0	0	0	0	0	0	0	0	0	0	0	0	0	0	0	0	0	0	0	0	0	0	0	0	0	0	0	0	0	0	0	0	0	0	0	0	0	0	0	0	0	2	0	0	0	0	0	0	0	0	0	0	0	0	0	0	0	0	0	0	0	0	0	0	0	0	0
"Centipeda"	0	0	0	0	0	0	0	0	6	0	0	0	0	0	0	0	0	0	0	0	0	0	0	0	0	0	0	24	0	0	0	0	0	0	0	0	0	0	0	0	0	0	0	0	0	0	0	0	0	0	15	0	0	0	0	0	0	0	0	0	0	0	0	0	0	0	3	0	0	0	0
"Cerasicoccus"	0	171	0	0	0	0	0	0	0	0	9	0	0	0	0	0	0	0	0	0	13	0	0	0	0	0	0	0	0	0	0	38	0	0	0	0	0	0	0	0	0	0	0	0	0	0	0	14	22	0	0	0	0	0	0	0	0	0	0	0	0	0	0	0	0	0	0	0	0	0	0
"Cetobacterium"	58	0	52	0	0	68	0	0	63	31708	0	0	20	22	0	0	0	35	24356	15	0	0	0	0	0	0	0	0	82	0	0	0	0	50	0	0	1894	0	0	0	0	112	38	0	0	0	0	0	17	0	57	0	0	0	0	0	0	0	0	0	0	0	55	0	0	0	0	0	0	0	0
"Christensenella"	3	12	0	0	0	0	0	111	0	0	18	0	0	0	0	0	0	0	12	0	0	9	6	0	22	0	0	0	0	0	9	0	0	5	9	0	0	0	0	0	0	0	0	0	0	0	0	0	0	30	0	0	0	0	0	0	0	0	0	0	0	0	0	0	0	0	0	0	0	0	0
"Christensenellaceae_R-7_group"	598	1727	0	5937	32	1160	0	1973	8	2029	2189	0	5590	77	20	570	1024	1189	665	11	1240	329	1100	97	2407	86	0	0	0	0	19	113	484	615	949	12	6182	76	444	93	287	80	330	0	0	90	729	314	901	0	6360	342	495	97	0	0	876	480	158	0	0	0	0	397	649	0	792	791	590	3409	180
"Citrobacter"	1218	1361	0	0	0	0	0	0	0	0	0	0	43	232	0	987	0	0	0	0	0	0	0	0	134	0	0	0	0	0	0	0	0	0	0	0	0	0	0	0	0	0	0	0	0	0	0	0	0	0	1218	0	0	0	0	0	0	0	0	0	0	0	0	0	0	0	0	0	0	0	0
"Cloacibacillus"	464	47	0	0	0	0	0	0	0	0	175	0	93	49	13	0	0	0	22	0	30	0	102	0	0	0	0	0	0	0	0	0	0	14	0	0	42	0	0	0	0	0	0	0	0	0	0	0	0	0	0	0	0	0	0	0	0	0	0	0	0	0	0	0	0	0	0	0	25	0	0
"Clostridium_sensu_stricto_1"	160	11	10	312	70	133	12	14	0	1683	9	0	1451	30	0	49	1780	120	677	11	43	2561	14	381	31	9	7	0	36	13	0	140	51	474	0	7	198	425	64	157	14	24	1677	32	0	0	16	0	10	15	0	290	114	12	8	767	164	10	83	15	272	426	214	1478	9	73	128	21	16	99	52
"Clostridium_sensu_stricto_11"	0	0	0	0	0	0	0	0	0	0	0	0	0	0	0	0	0	0	0	0	0	0	0	0	0	0	0	0	0	0	0	0	5	0	0	0	0	0	0	0	0	0	0	0	0	0	0	0	0	0	0	0	0	0	0	0	0	0	0	0	0	0	0	0	0	0	0	0	0	0	0
"Clostridium_sensu_stricto_13"	0	0	0	0	0	0	0	0	0	0	0	0	0	0	0	0	0	0	0	0	30	0	0	0	0	0	0	0	0	0	0	0	0	0	0	0	0	0	0	0	0	0	0	0	0	0	0	0	0	0	0	0	0	0	0	0	0	0	0	0	0	0	0	0	0	0	0	0	0	0	0
"Clostridium_sensu_stricto_3"	0	4	0	0	0	0	0	0	0	0	0	0	0	0	0	0	0	0	0	0	0	0	0	0	0	0	0	0	0	0	0	0	0	0	0	0	0	0	0	0	0	0	0	0	0	0	0	0	0	0	0	0	0	0	0	0	0	0	0	0	0	0	0	0	0	0	0	0	0	0	0
"Collinsella"	350	269	9	389	10471	555	9	1362	0	0	564	0	2711	1197	640	2216	2550	1632	1122	763	0	0	9668	1264	0	0	0	0	0	0	0	0	0	0	0	0	493	0	0	0	0	2424	1805	0	0	832	406	452	580	2708	2426	2785	1481	0	0	0	0	0	0	0	0	0	0	0	0	0	0	0	0	56	0
"Coprobacillus"	0	0	0	0	0	6	10	0	0	0	91	0	0	0	0	48	0	0	6	0	0	0	0	0	10	0	0	0	0	0	0	0	0	0	0	0	9	0	8	0	0	0	0	0	0	0	15	0	0	5	59	0	0	6	0	0	0	0	0	0	0	0	28	0	0	0	0	0	0	0	0
"Coprobacter"	0	0	636	82	0	0	0	29	0	21	0	0	47	0	15	405	14	12	0	0	0	54	131	0	15	102	0	146	0	0	0	197	101	0	0	13	0	0	0	0	0	38	35	0	0	0	0	75	211	0	0	0	0	0	0	0	11	0	0	0	0	0	227	0	0	0	22	0	0	19	0
"Coprococcus_1"	106	73	115	328	0	109	0	59	0	272	90	0	134	60	31	289	95	269	277	0	280	0	225	50	142	52	0	278	0	64	0	0	115	171	254	262	303	157	210	0	40	144	287	0	0	29	285	225	51	245	292	0	686	202	185	0	127	237	13	0	0	0	218	494	141	145	97	139	36	60	256
"Coprococcus_2"	0	1158	0	220	0	2168	0	112	0	159	73	0	982	83	14	0	150	1852	0	0	221	1352	12	85	219	762	0	236	0	0	77	754	52	12	1146	0	1423	182	0	0	205	74	844	0	0	148	0	45	104	0	651	22	0	0	0	0	0	1574	1322	0	0	0	0	0	0	0	399	0	1444	2432	0
"Coprococcus_3"	114	134	773	278	4319	628	13	455	59	721	173	390	214	254	186	270	185	2945	679	0	273	771	118	641	328	259	621	335	0	23	75	21	251	737	611	139	884	327	0	344	92	645	500	0	212	272	756	135	329	0	0	1088	2210	1170	513	304	245	1421	221	437	0	0	1413	1398	360	357	85	0	263	244	576
"Coriobacteriaceae_UCG-003"	0	0	0	4	0	17	0	0	0	0	0	0	0	0	0	0	0	0	0	0	0	0	0	0	0	0	0	0	0	0	0	0	0	0	0	0	0	0	0	0	0	0	0	0	0	0	0	0	0	0	0	0	0	0	0	0	0	0	0	0	0	0	0	0	0	0	0	0	0	0	0
"Corynebacterium"	0	0	0	0	10	0	0	0	0	0	0	0	0	0	6	0	0	58	0	0	0	0	5	0	0	0	2	15	4	0	0	0	0	0	0	0	4	0	0	0	0	0	5	0	0	0	0	0	0	0	0	8	0	8	0	0	0	0	0	0	4	0	0	0	0	0	0	0	0	0	0
"Corynebacterium_1"	0	3	6	0	0	0	3	0	0	0	0	0	0	0	0	0	0	0	0	0	0	0	0	0	0	0	0	0	0	0	0	0	0	0	0	0	0	0	0	0	0	0	0	0	0	0	0	0	0	0	5	0	0	0	0	0	0	0	0	0	0	0	0	0	0	0	0	0	0	0	0
"Cryptobacterium"	0	0	0	0	0	0	0	0	0	0	0	0	0	0	0	0	0	0	0	0	0	0	3	0	0	0	0	0	0	0	0	0	0	0	0	0	0	0	0	0	0	0	0	0	0	0	0	0	0	0	0	0	0	0	0	0	0	0	0	0	0	0	0	0	0	0	0	0	0	0	0
"Cupriavidus"	0	0	0	0	0	0	0	0	0	0	0	0	0	0	0	0	0	0	0	0	0	0	0	0	0	0	0	0	0	0	0	0	0	0	0	0	0	0	0	0	0	0	0	0	0	0	0	0	0	7	0	0	0	0	0	0	0	0	0	0	0	0	0	0	0	0	0	0	0	0	0
"Cutibacterium"	0	5	0	0	4	0	0	2	0	0	3	0	0	0	0	0	0	3	0	0	0	0	0	0	0	0	0	0	0	0	0	0	0	0	0	0	0	0	0	0	0	5	0	0	0	0	0	0	0	2	0	2	2	2	0	0	0	0	0	0	0	0	0	0	0	2	0	0	0	0	3
"Defluviitaleaceae_UCG-011"	0	3	0	29	0	55	0	0	0	30	0	0	28	0	0	0	41	0	10	0	0	0	0	4	18	0	0	0	0	0	0	0	0	9	0	0	137	0	0	0	10	0	0	0	0	0	8	0	6	0	10	0	0	0	0	0	10	0	0	0	0	0	0	91	0	0	0	18	7	8	0
"Delftia"	0	0	0	0	0	0	0	0	0	0	0	0	0	0	0	0	0	0	0	0	0	0	0	0	0	0	0	0	0	0	0	0	0	0	0	0	0	0	0	0	0	0	10	0	0	0	0	0	0	0	0	0	0	0	0	0	0	0	0	0	0	0	0	0	0	0	0	0	0	0	0
"Desulfobulbus"	0	0	0	0	0	0	0	0	0	0	0	0	0	0	0	0	0	0	0	0	0	0	0	0	0	0	0	0	3	0	0	0	0	0	0	0	0	0	0	0	0	0	0	0	0	0	0	0	0	0	0	0	0	0	0	0	0	0	0	0	0	0	0	0	0	0	0	0	0	0	0
"Desulfovibrio"	203	2520	0	1065	33	30	7	1021	0	0	589	0	4770	975	1569	438	0	1531	449	0	581	754	5419	10	314	608	129	283	0	0	5	786	1433	28	580	366	132	0	2399	308	399	298	403	144	159	328	16	873	2116	13	518	12	8	0	0	207	1005	549	109	0	13	1814	429	0	0	0	318	254	1077	271	0
"Dialister"	75	40	61	31	120	7771	25	0	0	50	15	17	7741	66	44	586	54	18575	52	23	2284	60	101	15786	1672	38	55	213	2753	609	51	104	206	251	76	52	2141	3238	9372	9404	5265	1230	3954	6613	8088	35	0	5219	11609	21539	70	101	43	4550	0	61	5792	147	0	155	0	0	22	21	4296	4147	6012	35	0	0	3461
"Dielma"	0	0	18	0	0	0	0	0	0	0	0	0	35	0	0	2	3	0	0	0	0	0	0	0	0	0	0	0	0	0	0	16	0	0	0	25	0	2	0	0	0	0	0	0	0	0	0	0	0	0	0	0	6	0	0	0	0	0	0	0	71	19	2	0	0	0	0	0	0	0	0
"Distigma"	0	0	0	0	0	0	0	0	0	0	0	0	0	0	0	0	0	0	0	8	0	0	4	0	0	0	0	0	0	0	0	0	0	0	0	0	0	0	0	0	0	0	0	0	0	0	0	0	0	0	4	0	0	0	0	0	0	0	0	0	0	0	0	0	0	0	0	0	0	0	0
"DNF00809"	0	0	0	0	0	0	0	0	0	0	0	0	0	0	0	0	0	0	0	0	0	0	15	0	0	0	0	0	0	0	0	0	0	0	0	0	0	0	0	0	0	0	0	0	0	0	0	0	0	0	0	0	0	0	0	0	0	0	0	0	0	0	0	0	0	0	0	0	0	0	0
"Dorea"	552	350	1215	545	3605	973	43	2286	631	1364	582	1362	895	372	434	3200	1223	838	524	0	449	585	3418	1362	1400	173	693	1542	2092	375	125	201	603	756	1017	209	2423	751	358	2103	184	722	961	807	395	984	1272	824	881	2267	2398	2370	1590	1314	1073	336	342	691	256	689	1387	100	606	1836	1109	1011	360	2382	635	281	348
"DTU089"	9	0	0	20	0	9	0	0	0	0	13	0	6	0	0	19	7	0	0	0	0	18	0	0	0	0	0	0	0	0	0	0	0	0	0	26	0	0	0	30	0	0	0	0	0	0	0	0	0	192	0	0	0	0	0	0	14	0	0	0	0	0	0	0	0	7	0	0	20	0	0
"Eggerthella"	0	0	0	0	830	0	404	0	0	0	0	0	0	0	0	64	0	0	0	0	0	0	0	0	0	0	0	0	23	0	0	0	0	0	0	11	0	0	0	0	0	0	0	0	0	0	0	0	0	63	0	17	111	24	0	0	0	0	0	0	3	0	0	29	0	9	0	0	0	0	0
"Eikenella"	0	0	0	0	0	0	0	0	0	0	0	0	0	0	0	0	0	42	0	0	0	0	0	4	0	0	0	0	0	0	0	0	0	0	0	0	0	0	0	0	0	0	0	0	0	0	0	0	4	0	0	51	0	0	0	0	0	0	0	0	0	0	0	0	0	0	0	0	0	0	0
"Eisenbergiella"	17	16	0	13	0	0	0	19	0	39	45	0	107	0	15	13	38	4	13	0	23	274	0	0	0	0	0	23	0	0	0	0	0	0	8	0	0	0	28	0	0	0	0	0	0	0	12	30	62	32	34	0	16	298	153	34	10	23	0	0	1475	360	0	0	0	0	22	26	44	0	67
"Elusimicrobium"	0	0	0	0	6	0	0	0	0	0	1340	0	0	0	1288	0	0	0	0	0	0	0	0	0	0	0	0	0	0	0	0	0	0	0	1637	0	0	0	0	0	0	9	338	0	0	0	0	0	0	0	0	0	0	8	0	0	0	1726	0	0	0	0	0	0	0	0	0	0	0	0	0
"Enhydrobacter"	0	0	0	0	0	0	3	0	0	0	0	0	0	0	0	0	0	0	0	0	0	0	0	0	0	0	0	0	0	0	0	0	0	0	0	0	0	0	0	0	0	0	0	0	0	0	0	0	0	0	3	0	0	0	0	0	0	0	0	0	0	0	0	0	0	0	0	0	0	0	0
"Enterococcus"	45	90	0	0	300	28	217	94	0	172	55	0	130	38	0	101	76	172	2	62	40	51	94	107	310	45	42	0	0	0	0	223	120	195	39	48	77	43	0	199	0	100	60	0	0	0	58	119	104	196	254	299	0	143	0	238	0	62	0	123	0	47	447	73	38	49	155	35	48	52	36
"Enterorhabdus"	42	0	16	263	0	0	0	422	0	0	196	0	0	17	79	0	305	202	67	0	0	0	483	46	0	0	0	0	0	0	0	0	0	0	0	0	0	0	0	0	0	47	37	0	0	18	23	46	68	0	355	0	0	0	0	0	0	0	0	0	0	0	0	0	0	0	0	0	0	29	0
"Erysipelatoclostridium"	0	0	28	0	501	0	1970	2	0	0	0	0	49	0	0	28	0	0	3	148	16	0	0	0	31	0	7	0	0	0	0	0	0	31	39	11	0	0	0	50	0	0	12	41	0	0	40	0	2	44	60	0	162	94	41	78	0	16	0	0	119	13	0	11	0	0	0	99	0	0	14
"Erysipelotrichaceae_UCG-003"	0	0	0	16	584	13	0	0	34	171	0	15	0	0	0	149	470	0	0	0	0	0	0	0	99	0	0	0	111	0	0	0	0	0	0	0	0	0	0	0	0	0	0	0	0	0	222	0	0	0	22	266	543	0	0	0	0	9	0	5	0	0	481	0	204	0	23	0	0	0	0
"Erysipelotrichaceae_UCG-004"	0	0	0	29	0	0	0	0	0	0	0	0	0	0	0	0	0	0	0	0	0	0	0	0	0	0	0	0	0	0	0	0	0	0	0	0	39	0	0	0	3	0	0	0	0	0	0	0	0	0	0	0	0	0	0	0	0	0	0	0	0	0	0	0	0	0	0	0	0	0	0
"Erysipelotrichaceae_UCG-006"	0	40	0	0	20	0	0	0	0	0	0	0	0	0	0	0	0	0	0	0	0	0	0	0	0	0	0	0	0	0	0	0	0	0	0	0	0	0	0	0	0	0	0	0	0	0	0	0	0	0	0	0	0	0	0	0	0	0	0	0	0	0	0	0	0	0	31	0	0	0	0
"Escherichia/Shigella"	36840	11286	370	10960	865	618	4331	145	360	88400	4005	666	1745	2860	640	15406	576	30023	29648	775	2209	20058	1371	256	16475	3915	3551	66087	5988	507	97	11275	30149	19832	2410	12840	965	214	2176	22768	273	13443	9350	2692	714	1134	15374	8326	20897	225	1609	607	163	18996	2029	1255	3856	2787	3051	359	5579	19717	301	339	344	5738	6491	463	286	4960	176
"Eubacterium"	0	0	0	0	0	0	0	4	0	5	0	0	7	0	0	0	84	2	0	0	0	0	0	0	0	0	0	0	0	0	0	0	0	0	0	0	0	0	0	0	6	0	5	0	0	0	0	0	0	0	0	0	0	13	0	0	0	0	0	0	0	0	0	0	0	0	0	0	2	2	0
"Ezakiella"	0	3	0	0	0	0	0	2	0	0	0	0	95	0	0	0	0	2	0	0	0	18	0	20	2	0	0	0	0	0	0	0	0	0	0	5	0	0	200	5	0	0	0	0	0	0	0	3	0	0	0	0	26	0	0	0	0	38	21	0	0	0	0	4	0	0	0	0	0	0	0
"F0058"	0	0	0	0	0	0	0	0	0	0	0	0	0	0	0	0	0	0	0	0	0	0	0	0	0	0	0	5	0	0	0	0	0	0	0	0	0	0	0	0	0	0	0	0	0	0	0	0	0	0	0	0	0	0	0	0	0	0	0	0	0	0	0	0	0	0	0	0	0	0	0
"F0332"	0	0	0	0	0	0	0	0	0	0	0	0	0	0	0	0	0	0	0	0	0	0	0	0	0	0	0	0	0	0	0	0	0	0	0	0	0	0	0	0	0	0	0	0	0	0	0	0	0	0	0	0	0	0	0	0	0	0	0	0	0	0	3	0	0	0	0	0	0	0	0
"Faecalibacterium"	8934	9302	14767	4202	312	8501	188	918	6339	5890	6132	5274	4016	301	2500	3177	6325	9034	5650	9458	10409	3874	7450	12059	8771	1792	109	8711	32401	1969	756	7249	3815	8041	11878	422	9076	4028	402	7516	2672	2357	8019	1882	610	7408	15681	2594	4052	10350	14723	10511	24755	1791	4475	176	4891	9421	3026	5119	1188	643	9203	37694	9168	11310	3875	11658	3357	4258	8692
"Faecalitalea"	0	0	0	0	97	0	0	13	0	0	0	0	0	0	0	0	0	0	0	0	0	0	0	0	0	0	0	0	0	0	0	12	0	0	0	30	0	2	0	0	0	0	0	0	0	0	8	0	0	4	0	0	4	0	3	23	0	0	0	0	0	0	0	0	0	0	0	4	0	0	0
"Family_XIII_AD3011_group"	132	770	17	544	0	259	3	426	0	510	526	0	1157	299	105	198	295	70	169	0	124	125	957	44	603	117	0	72	54	24	867	204	229	71	256	87	761	78	248	0	115	77	133	17	0	28	219	138	345	13	1592	185	16	203	0	0	351	252	440	0	58	5	110	341	188	113	260	272	373	139	26
"Family_XIII_UCG-001"	0	39	0	180	0	141	0	28	0	148	167	0	86	46	0	0	56	270	69	0	55	15	170	102	63	35	0	0	6	0	0	42	0	60	96	31	216	21	0	36	42	318	216	0	0	114	157	37	33	0	565	0	0	0	0	0	25	179	23	0	0	0	0	472	62	21	101	86	35	59	28
"Fastidiosipila"	0	0	0	0	0	0	0	0	0	0	0	0	0	0	0	0	0	0	0	0	0	0	0	4	0	0	0	0	0	0	0	0	0	0	0	0	0	0	59	0	0	0	0	0	0	0	0	0	0	0	0	0	0	0	0	0	0	0	0	0	0	0	0	0	0	0	0	0	0	0	0
"Finegoldia"	0	0	0	0	0	0	0	0	0	0	0	0	0	0	0	0	0	0	0	0	0	0	4	0	0	0	0	0	0	0	0	0	0	0	0	0	0	0	0	0	0	0	0	0	0	0	0	0	0	0	0	0	0	0	0	0	0	0	0	0	0	0	0	0	0	0	0	5	0	0	0
"Flavonifractor"	0	0	406	25	379	20	0	376	500	28	27	804	28	0	10	126	0	139	66	452	13	335	226	233	29	0	77	0	1107	0	0	22	22	63	61	133	22	45	0	155	0	0	39	65	0	311	61	134	0	406	28	68	204	922	188	167	49	22	14	176	447	1317	0	95	37	84	0	50	49	0	284
"Fournierella"	0	0	214	995	0	64	0	8	0	819	0	0	69	0	0	31	0	0	0	265	0	0	0	23	37	0	0	0	0	0	0	0	0	0	0	0	280	0	0	0	0	0	106	0	0	0	0	0	0	0	472	0	7	0	0	0	0	0	0	0	0	0	21	0	192	0	0	0	0	278	0
"Fretibacterium"	0	6	0	0	0	0	0	0	0	0	0	0	0	0	0	0	0	0	0	0	0	0	0	10	0	2	0	0	0	0	0	0	0	8	3	0	2	0	6	0	0	0	0	0	0	0	0	10	10	0	0	0	0	0	0	0	0	0	0	0	0	0	0	0	0	0	0	0	0	0	0
"Fusicatenibacter"	472	399	658	257	49	171	1008	341	148	478	438	662	162	79	50	256	276	44	159	145	88	152	744	186	929	110	140	1206	1372	144	72	0	167	528	468	0	76	85	42	0	56	312	641	121	75	88	484	28	63	584	1321	458	4061	253	1767	0	270	720	741	828	0	0	914	1070	1565	808	317	985	228	145	707
"Fusobacterium"	8324	605	0	782	2688	0	133	110	158	129	478	129	26	128	95	891	88	706	142	1078	939	181	16273	599	57	1078	481	1059	14642	7162	5467	2411	1129	1372	84	502	86	26	3478	55	100	140	178	24698	16206	52	5125	20719	236	4413	81	652	79	100	97	920	31	63	259	73	36434	29034	395	40	0	30	971	517	1898	1345	39
"Gallicola"	0	0	0	0	0	0	0	0	0	0	0	0	0	0	0	0	0	0	0	0	0	0	0	4	0	0	0	0	0	0	0	0	0	0	0	0	0	0	0	0	0	0	0	0	0	0	0	0	0	0	0	0	0	0	0	0	0	0	0	0	0	0	0	2	0	0	0	0	0	0	0
"GCA-900066225"	0	0	0	0	0	0	0	13	0	0	0	0	30	0	0	0	29	0	0	0	109	40	56	0	18	0	0	0	0	0	0	0	0	0	0	0	5	0	28	0	0	0	0	0	0	0	17	13	8	0	20	0	0	44	16	0	8	0	16	0	0	0	0	0	15	0	0	0	0	34	36
"GCA-900066575"	78	13	194	44	70	28	0	17	0	81	20	0	57	16	18	15	24	22	69	0	26	39	21	43	0	9	0	142	541	0	20	10	0	78	21	0	110	39	0	19	37	0	0	0	0	17	67	23	19	52	189	0	0	0	10	31	48	50	12	39	187	39	122	82	131	39	36	258	9	24	0
"GCA-900066755"	54	0	0	46	0	0	0	5	309	65	1498	684	0	0	0	0	17	0	0	0	298	0	0	0	1076	331	578	0	66	0	54	32	531	538	287	24	0	30	0	0	0	488	721	3443	0	0	582	0	0	29	34	0	1040	53	0	0	0	725	0	337	53	0	885	0	0	0	189	3053	412	22	0
"Gemella"	44	6	0	18	60	6	450	26	26	55	0	7	0	46	58	11	0	1115	52	0	0	97	10	131	0	23	78	324	890	64	12	155	34	106	17	0	14	0	16	89	6	157	95	90	19	0	26	33	12	25	0	356	24	18	15	0	0	39	4	18	16	12	11	20	9	0	0	402	11	20	0
"Gordonibacter"	0	0	0	0	0	0	0	0	0	0	0	0	37	0	0	0	0	0	0	0	0	0	0	0	0	0	0	0	0	0	0	0	0	0	0	0	24	0	0	0	0	0	0	0	0	0	0	0	0	0	0	6	34	31	0	0	0	0	0	0	0	0	0	4	0	0	0	0	0	0	0
"Granulicatella"	50	0	0	95	94	0	424	0	59	0	0	0	0	23	81	0	0	292	139	0	0	0	0	85	0	0	48	776	347	65	0	0	0	67	0	0	0	0	0	117	0	58	24	71	0	0	0	58	0	0	0	138	72	0	0	0	0	0	0	0	63	0	0	45	0	0	0	268	0	0	0
"Haemophilus"	925	73	0	18	35	49	18	7	733	118	194	28	19	58	23	36	19	1765	4636	12	31	27	16	635	26	142	23	99	230	94	148	1972	1282	670	194	32	814	12	0	221	13	319	1734	591	44	21	19	399	122	16	716	7572	290	17	32	76	9	111	96	72	37	38	2432	45	13	37	429	436	0	54	65
"Hafnia-Obesumbacterium"	0	0	0	0	0	0	0	0	0	0	0	0	0	0	0	0	0	0	0	0	0	0	0	0	0	0	0	0	0	0	0	0	0	0	0	0	0	0	0	0	0	0	0	0	0	0	0	15	25	0	0	0	0	0	0	0	0	0	0	120	0	0	0	0	0	0	0	0	0	0	0
"Harryflintia"	38	21	0	23	0	0	0	0	0	15	33	0	0	0	0	35	0	0	0	0	13	0	64	0	0	0	0	0	0	0	0	0	18	0	7	0	0	0	0	0	0	0	0	0	0	0	0	0	7	0	0	0	0	0	0	0	0	17	11	0	33	43	0	0	0	0	0	0	0	0	0
"Helicobacter"	0	26	0	7	182	6	84	36	6	3	7	6	5	4	15	29	19	0	0	13	0	9	14	0	0	17	17	0	0	8	18	0	52	22	9	25	0	8	5	17	0	15	37	5	0	0	3	2	28	106	2	117	6	17	0	26	0	31	5	18	0	0	11	41	15	8	78	5	20	20	8
"Holdemanella"	159	687	0	117	10	1077	0	72	671	702	1748	4257	405	304	17	4	272	964	1973	0	50	326	242	573	682	123	59	0	65	0	16	0	629	67	16	0	647	82	31	0	15	495	533	0	78	381	0	190	376	1062	0	257	0	0	0	0	147	9	352	371	303	61	1062	14	13	630	0	0	424	42	0
"Holdemania"	0	0	154	16	22	0	0	33	0	0	9	0	37	0	0	0	9	17	15	0	11	0	21	0	16	0	0	7	0	0	0	6	10	0	8	13	4	0	0	39	3	0	0	0	0	3	34	7	12	0	51	25	35	10	0	0	0	6	0	0	129	40	10	20	7	11	0	31	0	5	8
"Howardella"	37	73	0	128	0	23	0	117	0	80	0	0	113	72	31	0	510	70	0	0	0	0	62	13	394	35	0	0	0	0	30	35	41	97	0	60	0	35	0	0	48	0	0	0	0	45	94	5	28	115	166	0	0	0	0	0	46	0	0	0	0	0	8	0	84	0	38	409	0	49	0
"Hungatella"	31	111	36	0	131	0	27	0	0	50	107	44	1792	0	105	130	22	46	25	0	89	45	178	0	0	0	38	305	113	0	45	285	0	50	24	1914	0	0	245	125	0	0	0	102	0	0	0	26	0	180	0	0	24	621	56	0	0	99	53	0	310	108	45	0	0	0	0	46	128	0	28
"Hydrogenoanaerobacterium"	97	70	0	264	0	0	0	11	0	52	279	0	0	0	47	11	28	0	20	0	27	0	0	0	0	9	0	0	0	0	0	0	80	0	3	0	22	0	253	0	0	0	0	0	0	0	6	48	124	0	0	0	0	0	0	0	0	0	22	14	28	18	0	0	0	0	0	0	0	0	0
"Incertae_Sedis"	0	0	0	0	0	0	0	0	0	0	90	0	0	0	0	0	0	0	0	0	0	0	0	0	0	0	0	0	0	0	0	0	0	0	0	0	0	0	0	0	0	0	0	0	0	0	0	0	0	0	0	0	0	0	0	0	0	0	0	0	0	0	0	0	0	0	0	0	0	0	0
"Intestinibacter"	0	0	0	92	60	0	0	9	0	769	0	508	0	0	0	265	31	116	0	2405	0	10	7	0	0	4	36	0	70	0	0	0	360	0	0	0	0	0	0	12	13	15	12	0	0	0	10	0	0	13	0	0	120	0	22	56	0	0	0	0	0	0	0	14	0	19	0	105	0	159	7
"Intestinimonas"	87	635	246	174	214	62	0	334	0	215	435	0	174	176	1463	69	358	169	133	0	209	222	1471	34	131	134	0	1639	2	0	0	185	234	186	45	250	483	0	1443	210	42	220	541	63	26	102	223	182	408	534	541	83	255	60	332	64	145	73	99	65	2424	319	0	84	87	251	175	509	230	52	139
"Johnsonella"	0	0	0	0	0	0	0	0	0	0	0	0	0	0	0	0	0	11	0	0	0	0	0	0	0	0	0	0	27	0	0	0	0	0	0	0	0	0	0	0	0	0	0	0	0	0	0	0	0	0	0	0	0	0	0	0	0	0	5	0	0	0	0	0	0	0	0	0	0	0	0
"Kingella"	0	0	0	0	0	0	0	0	0	0	0	0	0	0	0	0	0	0	0	0	0	0	0	0	0	0	0	0	0	0	0	0	0	0	0	0	0	0	0	0	0	0	0	0	0	0	0	0	0	0	0	9	0	0	0	0	0	0	0	0	0	0	0	0	0	0	0	0	0	0	0
"Klebsiella"	0	304	0	0	0	0	244	0	323	0	0	0	0	85	0	0	0	0	0	0	0	0	129	0	0	0	0	0	0	0	0	117	0	0	0	0	0	0	0	0	0	8	64	0	0	0	11	116	269	0	0	124	0	0	0	0	0	0	0	0	96	0	0	0	0	0	0	0	0	0	0
"Kocuria"	0	0	0	0	0	0	0	0	0	0	0	0	0	0	0	0	0	0	0	0	0	0	0	0	0	0	0	0	0	0	0	0	0	0	0	0	0	0	0	0	0	0	0	0	0	0	0	0	0	0	7	0	0	0	0	0	0	0	0	0	0	0	0	0	0	0	0	0	0	0	0
"Lachnoanaerobaculum"	0	0	0	0	0	0	0	0	0	7	0	0	0	0	0	0	0	17	0	0	0	0	0	0	0	0	0	32	31	0	0	0	0	0	10	0	0	0	29	0	0	0	0	0	0	0	0	15	0	0	0	16	0	0	0	0	0	0	0	0	0	0	0	0	0	0	0	10	0	0	0
"Lachnoclostridium"	5324	2908	4304	453	2424	1704	52706	2755	5855	1359	1647	6015	1096	5425	4828	1114	136	3613	1668	3987	727	2399	11603	3163	2414	1339	6197	12039	12564	3571	2900	1293	1043	5504	2049	3357	1221	3660	13472	1561	1730	5801	3711	10785	5521	3273	3764	3498	3235	9343	6262	354	3406	22533	6210	6995	1657	2408	592	4678	17747	2835	3161	3693	1105	3613	2197	1931	2280	437	5196
"Lachnospira"	1876	6964	2332	1361	157	3247	53	769	7834	9943	5968	1293	2212	0	118	1423	1394	1787	10072	7	2108	426	1541	602	1203	1051	962	3481	21218	1060	2623	7888	709	2175	5288	3899	728	3117	647	3319	782	1249	3981	726	414	221	371	2616	1479	1889	1079	741	9389	84	391	98	805	8402	1936	1226	4060	136	1913	40	2831	4336	1105	658	1023	2912	0
"Lachnospiraceae_AC2044_group"	12	171	0	374	0	17	0	0	0	34	83	0	90	0	0	0	54	82	63	0	312	0	0	0	259	25	0	0	0	0	0	0	69	0	394	0	13	20	34	0	138	0	18	0	0	0	58	35	57	27	781	63	19	0	0	0	40	447	207	0	0	0	0	109	42	207	32	0	22	192	0
"Lachnospiraceae_FCS020_group"	24	11	0	56	0	47	0	77	0	126	110	24	71	16	40	48	168	36	30	0	59	18	109	143	113	32	0	0	63	53	0	0	60	20	117	18	96	12	0	129	48	32	118	34	0	39	173	0	40	29	91	201	232	0	0	0	134	140	20	73	27	0	0	61	56	149	54	75	26	47	0
"Lachnospiraceae_FE2018_group"	0	0	0	0	0	0	0	0	0	0	0	0	0	0	0	0	0	0	0	0	0	0	0	0	5	0	0	0	0	0	0	0	0	0	0	0	0	0	0	0	0	0	0	0	0	0	0	0	0	0	0	0	0	0	0	0	0	0	0	0	0	0	0	0	0	0	0	0	0	0	0
"Lachnospiraceae_ND3007_group"	114	367	709	557	0	454	0	41	0	708	485	313	292	0	99	181	18	94	186	0	452	64	347	81	136	101	42	727	886	166	13	285	126	193	415	264	175	96	330	264	60	73	211	28	0	58	212	172	116	373	392	165	1322	100	5	0	364	623	126	690	0	0	129	252	525	126	232	440	72	290	0
"Lachnospiraceae_NK3A20_group"	0	0	0	0	0	0	0	0	0	0	0	0	0	0	0	0	0	0	0	0	0	0	0	0	0	0	0	0	185	0	0	0	0	0	0	0	0	0	0	0	0	0	0	0	0	0	0	0	0	0	0	0	0	0	0	0	0	0	0	0	0	0	0	0	0	0	0	0	0	0	0
"Lachnospiraceae_NK4A136_group"	1310	1158	6458	4445	11517	2220	355	297	101	5585	2799	755	602	119	356	761	1157	1974	1030	61	11936	684	839	649	3044	1418	60	1870	20006	1169	675	4149	2887	672	2845	1195	11685	4566	2258	2718	885	1150	3897	114	117	61	3866	1199	3068	708	9689	3397	3522	42	591	346	1943	2870	1080	1519	1280	933	226	5080	3131	3149	5366	3731	938	2060	171
"Lachnospiraceae_NK4B4_group"	0	0	0	0	0	0	0	0	0	0	6	0	0	0	0	0	0	0	0	0	0	0	0	0	0	14	0	0	0	0	0	0	0	0	0	0	0	0	0	0	0	0	0	0	0	0	0	0	0	0	0	0	0	0	0	0	0	0	0	0	0	0	0	0	0	0	0	0	0	0	0
"Lachnospiraceae_UCG-001"	909	457	0	487	25	451	6	0	0	2157	81	0	155	31	18	201	64	1430	1065	0	1494	154	1271	11	292	1471	144	36	0	0	352	1815	418	1036	1581	0	256	393	288	4152	34	802	248	0	0	0	474	255	694	0	226	1304	1982	0	0	0	1004	1217	68	172	0	38	55	0	1198	28	1157	2473	62	930	0
"Lachnospiraceae_UCG-002"	0	0	0	0	23	0	16	0	0	0	0	0	0	0	0	0	0	0	0	0	0	0	0	0	0	0	0	0	0	0	0	0	0	0	0	0	0	0	0	0	0	0	0	0	0	0	0	0	0	0	0	18	0	0	0	0	0	0	0	0	0	0	0	0	0	0	0	0	0	0	0
"Lachnospiraceae_UCG-003"	0	0	0	0	0	0	0	0	0	0	0	0	0	0	0	0	0	0	0	0	0	0	0	0	17	0	0	0	0	0	0	0	0	0	92	0	589	0	352	0	0	73	0	0	0	0	0	0	0	0	63	0	0	0	0	0	0	105	0	0	0	0	0	0	0	0	0	0	0	0	0
"Lachnospiraceae_UCG-004"	988	944	2706	472	168	609	45	52	1371	675	748	2683	312	1499	555	55	77	192	1500	11217	1091	525	1981	1003	416	900	4915	7355	11697	3289	2629	1762	305	1649	2058	220	653	902	495	3254	691	5914	2922	10303	1406	1143	1222	9213	926	603	2557	77	3292	831	446	510	491	1436	1839	2599	3296	467	667	251	1062	1736	762	551	144	315	1916
"Lachnospiraceae_UCG-006"	0	0	0	0	0	0	0	20	0	0	3	0	10	0	0	0	0	0	3	0	0	0	18	0	0	0	0	0	0	0	0	0	0	0	0	0	0	0	0	0	0	0	0	0	0	0	0	0	0	0	0	0	0	0	0	0	0	0	0	0	0	0	0	0	0	0	0	0	0	0	0
"Lachnospiraceae_UCG-008"	19	41	0	164	0	18	0	0	0	121	34	0	0	0	10	0	11	0	12	0	58	0	37	12	38	0	0	0	0	0	0	0	0	0	28	0	107	0	0	34	7	93	16	0	10	8	15	11	33	0	133	0	113	0	0	0	0	31	16	0	98	0	8	57	20	0	30	0	11	62	0
"Lachnospiraceae_UCG-009"	0	0	0	0	0	0	0	51	0	0	0	0	0	0	0	0	0	0	0	0	0	0	0	0	0	0	0	0	0	0	0	0	0	0	0	0	0	0	0	0	0	0	0	0	0	0	18	0	0	0	0	0	0	0	0	0	0	0	0	0	0	0	0	0	0	0	0	26	0	0	0
"Lachnospiraceae_UCG-010"	1109	177	1862	381	303	553	0	99	603	398	383	1490	194	330	3840	2058	36	1258	698	0	247	134	67	559	359	177	1186	3951	4585	1464	391	653	430	621	1146	794	2109	564	6284	1095	299	1159	1962	1736	543	131	555	887	910	2411	1174	219	128	519	271	145	276	1109	129	477	983	341	925	979	456	340	166	438	65	69	346
"Lactobacillus"	0	38	0	61	562	344	2528	49	15	226	20	54	152	95	1230	3005	1046	56	0	53	21	64	145	171	0	30	35	277	0	26	21	44	290	118	393	51	0	226	0	33	9	87	1948	13	0	13	12	87	263	255	0	334	4	56	44	141	139	730	26	231	56	35	2275	97	37	60	155	0	40	45	0
"Lactococcus"	26	0	0	0	0	0	5	6	0	56	15	0	14	0	314	36	2	24	0	0	0	112	0	42	62	0	0	55	0	0	0	0	0	14	0	0	27	0	0	101	0	0	0	0	0	0	0	0	0	375	943	10	0	0	0	0	0	0	7	0	134	0	23	0	0	6	0	1206	4	0	0
"Lactonifactor"	0	0	0	0	0	0	0	0	0	0	0	0	0	0	0	0	70	0	0	0	0	0	0	0	0	0	0	0	0	0	0	0	0	0	0	0	0	0	0	0	0	0	0	0	0	0	0	0	0	0	0	0	0	28	0	19	0	0	0	0	0	0	0	0	0	0	0	25	0	0	0
"Lautropia"	0	0	0	0	0	0	0	0	0	0	0	0	0	0	0	0	0	19	10	0	0	0	0	0	0	0	0	11	24	0	0	0	0	0	0	0	9	0	0	0	0	0	0	0	0	0	0	0	0	0	0	0	0	0	0	0	0	0	0	0	0	0	0	0	0	0	0	0	0	0	0
"Lawsonella"	0	0	0	0	0	0	0	0	0	0	0	0	0	0	0	0	0	0	0	0	0	0	0	0	0	0	0	2	0	0	0	0	0	0	0	0	0	0	0	0	0	0	0	0	0	0	0	0	0	0	0	0	0	0	0	0	0	0	0	0	0	0	0	0	0	0	0	0	0	0	0
"Lelliottia"	4785	5425	298	800	3180	449	1791	465	178	615	161	67	301	1885	630	632	732	1825	1386	181	353	59	802	6133	6213	892	234	219	391	213	35	2495	1406	2559	556	378	1035	211	799	3210	198	1578	2126	376	368	568	9362	883	2260	915	1507	5832	262	3190	98	1935	156	291	138	7127	2412	4514	332	782	441	193	802	3044	342	180	287
"Leptotrichia"	76	6	0	0	0	0	0	0	18	5	2	0	0	16	4	0	0	33	105	0	13	0	2	0	0	0	0	272	35	4	0	12	4	14	4	0	0	0	0	20	0	21	229	0	0	0	0	16	0	0	43	429	2	0	0	0	0	0	3	0	17	0	0	0	0	0	0	23	0	0	0
"Leuconostoc"	0	6	0	0	0	0	0	0	0	43	0	0	0	0	0	0	0	17	0	2	0	0	11	55	0	12	0	11	0	0	0	0	0	0	0	0	22	0	0	0	0	0	0	0	0	0	4	7	13	0	0	0	0	57	0	0	0	0	8	12	0	3	76	0	5	0	0	23	0	0	0
"Libanicoccus"	0	283	0	62	0	36	0	0	0	0	0	0	0	22	0	0	0	398	0	0	0	0	963	272	0	0	0	0	0	0	0	0	0	0	48	0	14	0	0	0	0	113	165	0	0	116	0	0	0	0	0	0	0	0	0	0	0	0	0	0	0	0	0	0	0	0	0	0	0	0	0
"Mailhella"	0	0	0	0	0	0	0	0	0	0	0	0	0	12	0	0	0	0	0	0	0	0	0	0	0	0	0	0	0	0	0	0	0	0	0	0	8	0	0	0	3	23	0	0	0	0	0	82	0	0	56	0	0	0	0	0	0	0	0	0	0	0	0	0	0	0	25	0	0	0	0
"Mangrovibacter"	0	0	0	0	0	0	0	0	0	0	0	0	0	0	0	0	0	0	0	0	0	0	0	49	0	0	0	0	0	0	0	0	0	0	0	0	0	0	0	0	0	0	0	0	0	0	0	0	0	0	0	0	0	0	0	0	0	0	0	0	0	0	0	0	0	0	0	0	0	0	0
"Marvinbryantia"	91	245	100	75	0	69	0	16	0	253	95	47	90	41	133	247	362	53	111	0	549	141	706	114	272	39	0	265	0	0	0	0	69	69	94	25	315	28	77	0	57	36	150	0	0	36	96	32	68	113	267	69	69	0	100	37	76	97	54	57	0	0	32	258	22	154	87	221	90	46	0
"Megamonas"	0	0	0	0	59	3448	0	0	9	112	741	0	0	0	0	0	0	0	0	0	24	0	0	21	15	20	0	0	0	14451	90	0	0	12157	0	954	0	0	0	0	29	0	0	8569	9863	0	423	7393	0	0	17	0	0	0	27	0	574	0	0	20	0	0	2169	0	0	0	0	0	4570	0	13
"Megasphaera"	76	2447	56	17	97	34	0	37886	182	74	69	50	9263	15704	51	0	145	52	56	35	33	1616	72096	22607	0	389	50	3160	5915	2547	22	344	2541	80	0	142	79	0	128	0	4981	24952	15875	365	131	10655	40	5403	8310	36	40	1769	50	87	0	0	3513	0	41	40	139	82	5348	66	0	0	0	36	4259	48	31
"Meiothermus"	0	0	0	0	3	0	0	0	0	0	0	0	0	0	0	0	0	0	0	0	0	0	0	0	0	0	0	0	0	0	0	0	0	0	0	0	0	0	0	0	0	0	0	0	0	0	0	0	0	0	0	0	0	0	0	0	0	0	0	0	0	0	0	0	0	0	0	0	0	0	0
"Methanobrevibacter"	239	5130	12	835	41	593	17	16	0	1271	722	0	2998	0	1140	6	7270	339	0	0	1803	1581	1487	5	291	1766	0	14	0	15	119	708	3612	47	214	1097	2214	0	1397	0	31	16	82	0	0	11	86	85	226	0	8017	196	0	16	8	0	242	481	2704	0	0	8	0	8	563	0	2412	9	585	914	0
"Methanosphaera"	0	19	0	0	0	0	0	0	0	0	0	0	0	0	0	0	0	0	0	0	0	0	0	0	0	0	0	0	0	0	0	0	0	0	0	0	0	0	0	0	0	0	0	0	0	0	0	0	0	0	0	0	0	0	0	0	0	0	0	0	0	0	0	0	0	0	0	0	25	0	0
"Microbacterium"	0	0	0	0	27	0	11	0	0	0	0	0	4	0	0	3	0	0	0	0	0	0	0	0	0	0	0	0	0	0	0	0	0	0	0	0	0	0	0	0	0	16	0	0	0	0	0	0	0	0	0	0	0	0	0	2	0	0	0	0	0	0	0	9	0	0	0	0	0	0	0
"Millionella"	0	5	0	4	72	7	31	11	0	0	0	0	3	0	0	9	9	0	0	0	0	15	8	0	0	5	6	0	0	0	3	0	19	5	0	8	0	7	11	5	0	0	19	0	0	0	0	4	10	49	0	37	0	0	0	21	0	24	0	18	0	0	0	10	0	4	16	0	9	8	0
"Mitsuokella"	0	0	0	0	0	0	0	209	0	0	0	0	0	10298	0	0	115	0	15	0	0	0	0	0	0	0	0	0	0	0	0	0	135	0	0	0	18	0	0	0	4597	0	0	0	0	0	0	567	1400	0	0	0	0	0	0	0	0	0	0	0	0	0	0	0	0	0	0	0	256	0	0
"Mobiluncus"	0	0	0	0	0	0	0	0	0	0	0	0	0	0	0	0	0	0	0	0	0	0	0	0	2	0	0	0	0	0	0	0	0	0	0	0	0	0	0	0	0	0	0	0	0	0	0	0	0	0	0	0	0	0	0	0	0	0	0	0	0	0	0	0	0	0	0	0	0	0	0
"Mogibacterium"	0	160	0	116	20	27	7	3	0	12	110	0	12	140	430	4	0	608	345	0	0	25	20	144	63	0	2	77	23	4	0	8	7	16	133	0	119	0	70	0	30	468	118	0	0	97	0	3	0	0	556	241	0	0	9	0	0	128	160	0	0	0	0	182	26	0	83	530	47	0	0
"Morganella"	0	12	0	0	0	0	0	0	0	0	0	0	0	0	0	0	0	41	0	0	0	0	0	0	0	0	0	0	0	0	0	0	0	0	0	142	0	0	0	0	0	0	0	0	0	0	0	0	0	0	0	0	0	0	0	0	0	0	0	52	13	0	0	0	0	0	0	0	0	0	0
"Mucispirillum"	0	8	0	4	89	11	52	24	0	0	0	0	0	4	0	15	0	0	0	0	9	9	0	0	0	9	13	0	9	0	0	0	19	10	3	16	3	0	0	15	0	0	24	0	0	4	0	0	19	70	0	51	2	0	3	18	0	13	0	10	0	0	0	17	18	0	32	9	6	10	8
"Murdochiella"	0	0	0	0	0	0	0	0	0	0	0	0	0	0	0	0	0	0	0	0	0	0	0	0	0	0	0	0	0	0	0	0	0	0	0	0	0	0	20	0	0	0	0	0	0	0	0	0	0	0	0	2	0	0	0	0	0	3	0	0	0	0	0	0	0	0	0	0	0	0	0
"Muribaculum"	0	0	0	0	0	0	0	0	0	0	14	0	0	0	0	0	0	0	0	0	0	0	0	0	0	0	0	0	0	0	0	0	0	0	7	0	0	0	0	0	0	0	0	0	0	0	0	0	0	24	0	0	0	0	0	0	0	0	0	0	0	0	0	0	0	0	0	0	0	0	0
"Mycoplasma"	0	0	0	0	6	0	3	0	0	0	0	0	0	0	0	0	0	0	0	0	0	0	0	0	0	0	0	0	0	0	10	0	0	3	0	0	0	0	0	0	0	3	0	0	0	0	0	0	0	0	0	0	0	0	0	0	0	3	0	0	0	0	0	15	0	0	9	0	0	0	0
"Negativibacillus"	682	622	52	1890	6471	43	0	3860	0	1555	0	0	760	120	0	0	153	144	1007	5	59	311	3836	375	68	78	0	44	0	0	24	1109	257	603	101	928	23	135	205	28	85	49	19	193	0	165	140	121	387	320	196	42	449	0	0	305	93	355	1028	0	12205	1847	0	0	48	852	20	779	548	355	0
"Neisseria"	0	3	0	0	0	0	0	0	0	0	2	0	0	0	0	0	0	36	0	0	0	0	0	0	0	0	0	67	86	91	34	96	0	12	0	0	59	0	0	9	0	61	33	626	19	0	0	24	0	0	60	110	3	0	0	0	0	0	7	0	10	0	0	0	0	0	20	13	0	0	0
"Neorhizobium"	0	0	0	0	0	0	0	0	0	0	0	0	3	2	0	0	0	0	0	0	0	0	0	0	0	0	0	0	0	0	0	0	0	0	0	0	0	0	0	0	0	0	0	0	0	0	0	0	0	0	0	0	0	0	0	0	0	0	0	0	0	0	0	0	0	0	0	0	0	0	0
"Odoribacter"	11451	1248	1377	252	504	330	194	131	0	580	4832	11	417	231	158	108	83	159	10100	21	191	341	2222	185	207	1367	37	1080	33	23	5039	6107	1509	963	1125	3713	212	231	371	399	81	160	291	33	29	187	550	635	304	671	364	577	38	447	30	100	301	1088	1287	519	21	33	244	118	333	705	607	87	620	320	1177
"Oligella"	0	0	0	0	0	0	0	0	0	0	0	0	0	0	0	0	0	3	0	0	0	0	0	0	0	0	0	0	0	0	0	0	0	0	0	0	0	0	0	0	0	0	0	0	0	0	0	0	0	0	0	0	0	0	0	0	0	4	0	0	0	0	0	0	0	0	0	0	0	0	0
"Olsenella"	0	0	0	0	0	0	0	0	0	24	0	0	14	0	0	0	216	170	0	0	0	0	1942	271	0	0	0	0	0	0	0	0	0	0	28	0	0	0	0	0	0	0	69	0	0	56	0	39	70	0	0	159	248	0	0	0	0	0	0	0	0	0	0	0	0	0	0	0	0	0	0
"Oribacterium"	17	0	0	22	23	0	32	0	0	20	0	0	0	0	0	0	0	24	14	0	0	33	54	0	74	0	0	48	89	0	48	15	0	17	0	0	0	0	131	37	0	0	0	0	0	0	0	0	0	2	0	47	0	0	0	0	0	0	41	0	17	0	0	11	734	0	23	54	0	0	0
"Oscillibacter"	29	79	517	22	333	75	51	1147	0	96	208	101	16	0	11	14	130	43	81	0	73	267	285	76	111	0	0	0	0	0	7	164	54	90	170	1586	1132	0	103	365	44	13	84	8	0	87	220	18	91	868	29	84	712	313	246	112	114	163	8	38	225	275	0	53	92	567	78	20	564	135	456
"Oscillospira"	0	34	134	140	14	45	0	0	0	53	34	0	21	4	0	0	0	0	86	0	199	0	6	0	0	0	0	0	0	0	34	279	0	0	21	44	163	37	0	60	0	0	0	0	0	32	38	0	13	1185	0	0	75	33	0	0	0	22	41	0	0	26	0	0	92	0	69	0	119	12	0
"Oxalobacter"	37	61	0	55	0	14	0	0	0	0	66	0	168	38	59	89	89	71	50	0	23	0	101	0	41	20	0	0	0	0	0	0	30	20	34	71	29	0	0	0	32	47	49	0	0	27	0	28	61	0	64	0	0	0	0	0	38	51	10	0	0	0	0	0	45	0	108	0	18	0	0
"Paeniclostridium"	0	0	0	0	0	0	0	0	0	0	0	0	0	0	0	0	0	0	0	0	0	0	0	120	0	0	0	0	0	0	0	0	0	0	0	0	0	0	0	0	0	0	0	0	0	0	0	0	0	0	0	0	0	0	0	5	0	0	0	0	0	0	0	0	0	0	0	0	0	0	0
"Parabacteroides"	5735	3872	2098	3478	3422	409	85	368	1323	7792	7791	2933	1688	1500	8193	4413	454	705	5464	3873	2109	1380	8041	1853	794	2159	5064	5872	9083	4640	3478	3361	4256	3320	1906	6812	5461	938	3498	1567	281	1784	3720	3915	425	339	1017	5702	1671	2380	3009	1178	8685	988	940	3662	5827	2670	2724	2412	10448	6460	2160	377	545	1379	951	150	1564	1445	1120
"Paraclostridium"	0	0	0	0	0	0	0	0	0	0	0	0	0	0	0	0	0	0	0	0	0	0	0	0	0	0	0	0	0	0	0	0	10	0	0	0	0	0	0	0	0	0	0	0	0	0	0	0	0	0	0	0	0	0	0	0	0	0	0	0	27	0	0	0	0	0	0	0	0	0	0
"Paraprevotella"	0	142	2431	238	31	136	0	204	10	2266	174	0	325	36	638	6	115	184	3543	0	0	100	171	147	0	366	2329	966	29	0	0	1637	234	0	202	722	237	905	73	22	42	63	54	20	194	1117	0	110	232	0	0	0	0	1898	0	0	1707	107	111	0	3000	760	2982	0	1667	0	0	0	319	303	2907
"Parascardovia"	0	0	0	0	0	0	0	0	0	0	0	0	0	0	0	0	0	0	0	0	0	0	0	0	0	0	0	0	0	0	0	0	0	0	0	0	0	0	0	0	0	0	0	0	0	0	0	0	11	0	0	0	0	0	0	0	0	0	0	0	0	0	0	0	0	0	0	0	0	0	0
"Parasutterella"	0	81	0	270	28	38	16	0	0	36	176	32	40	0	0	19842	0	0	19	0	94	20	702	63	0	21	0	0	0	7	0	470	0	84	64	1764	6	0	0	557	0	30	79	0	0	0	91	208	0	3843	105	12	0	4335	0	0	0	45	15	0	4191	60	0	0	703	4326	0	0	25	26	2235
"Parvimonas"	0	0	0	0	0	0	0	0	0	0	0	0	0	0	0	70	0	8	0	0	0	5	0	0	0	0	0	0	0	0	0	0	0	0	4	0	3	0	40	2	0	0	0	0	0	0	0	0	0	0	0	0	0	0	0	0	0	12	0	0	0	0	0	0	0	0	0	0	0	0	0
"Peptoclostridium"	0	0	0	0	0	0	0	0	0	0	0	0	0	0	0	0	0	55	0	0	0	0	0	0	0	0	0	0	0	0	36	240	0	0	0	0	0	0	0	0	0	0	0	968	309	0	0	0	0	0	0	0	0	0	0	0	0	0	0	0	0	0	0	0	0	0	0	0	0	0	0
"Peptococcus"	9	0	0	0	0	120	0	0	0	0	12	0	212	0	0	0	0	144	0	0	24	6	57	57	32	0	0	90	0	0	0	26	15	0	0	0	194	0	3	13	12	0	13	0	0	70	76	0	0	0	25	0	0	0	0	0	27	3	0	0	212	171	0	0	58	107	0	31	51	0	0
"Peptoniphilus"	0	0	0	0	0	0	0	0	0	0	0	0	0	0	0	0	0	2	0	0	0	3	0	4	0	0	0	0	0	0	0	0	2	0	3	0	0	0	70	0	0	0	0	0	0	0	0	0	6	0	0	0	0	0	0	0	0	0	0	0	0	0	0	0	2	0	0	0	0	0	0
"Peptostreptococcus"	0	0	0	0	0	0	0	5	0	0	0	43	0	0	0	7	0	273	16	0	0	0	0	0	0	0	0	32	38	17	0	0	0	0	0	0	0	0	37	0	0	0	0	0	8	0	0	16	0	0	0	17	6	13	0	0	0	21	10	0	0	0	0	0	0	0	0	0	0	0	0
"Phascolarctobacterium"	13271	12368	11689	6333	22170	210	94	4004	7657	12617	3143	16277	85	11502	4144	3066	1470	7092	7766	152	1454	2723	18446	0	673	5903	9000	30036	101778	9310	480	4495	3995	4837	7340	9798	284	77	69	359	1905	16742	15852	2783	244	19450	11217	3079	1207	7961	26257	3723	10203	103	866	5295	72	8966	7477	5054	10045	5405	4496	28338	275	232	2316	6696	8417	6707	64
"Phocaeicola"	0	0	0	0	0	0	0	0	0	0	7	0	0	0	0	0	0	0	0	0	0	0	0	0	0	0	0	0	0	0	0	0	0	0	0	0	0	0	6	0	0	0	0	0	0	0	0	0	0	0	0	0	0	0	0	0	0	0	0	0	0	0	0	0	0	0	0	0	0	0	0
"Phocea"	0	0	30	15	0	11	0	127	0	14	0	0	9	0	0	0	0	42	14	0	15	18	0	44	0	0	0	0	0	0	0	29	37	26	0	20	0	0	0	16	0	0	0	21	0	0	0	0	21	81	0	5	23	0	0	0	14	0	0	0	0	14	0	0	0	70	0	0	35	0	0
"Phyllobacterium"	0	0	0	0	0	0	0	4	0	0	0	0	0	0	0	0	0	0	0	0	0	0	0	0	0	0	0	0	0	0	0	0	0	0	0	0	0	0	0	0	0	0	0	0	0	0	0	0	0	0	0	0	0	0	0	0	0	0	0	0	0	0	0	0	0	0	0	0	0	0	0
"Pluralibacter"	0	0	0	0	0	0	0	0	0	0	0	0	0	0	0	0	0	0	0	0	0	0	0	0	0	0	0	0	0	0	0	0	0	0	0	0	0	0	0	0	0	0	0	0	0	0	0	0	0	0	0	0	0	70	0	0	0	0	0	0	0	0	0	0	0	0	0	0	0	0	0
"Porphyromonas"	0	0	0	0	0	0	0	0	0	0	0	0	66	0	0	0	0	28	176	0	0	55	0	25	0	0	0	0	4	0	6	0	0	0	0	0	0	0	79	0	0	0	0	0	0	0	0	0	0	0	4	0	8	0	0	0	0	37	3	0	0	0	0	0	0	0	0	0	0	0	0
"possible_genus_Sk018"	0	0	0	4151	58	92	0	0	0	0	354	0	0	0	0	0	0	0	0	0	196	0	0	0	0	15	0	60	72	0	0	0	0	0	4117	0	20	0	0	0	281	0	0	0	0	0	0	0	0	0	0	29	0	0	0	0	0	2996	0	0	0	0	0	0	7874	170	2200	0	584	2118	0
"Prevotella"	0	0	0	0	0	0	0	0	0	0	0	0	18	3	0	0	0	7	9	0	0	45	5	0	0	0	0	164	307	0	10	0	0	0	0	0	0	0	51	0	0	0	27	0	0	0	0	0	0	0	0	27	10	0	0	0	0	172	0	7	89	0	0	0	0	0	0	0	0	0	30
"Prevotella_2"	74	1964	80	1252	230	7515	21	36	94	7477	30	0	952	4975	7389	52	142	6149	3012	51	73	0	43	29620	0	66	0	155	138	0	22	96	0	90	2482	0	8907	0	0	0	5288	30509	11243	171	18324	25152	91	89	67	0	79	8401	0	41	56	0	0	741	508	80	0	0	0	3583	6268	0	0	0	1850	348	0
"Prevotella_6"	8	0	0	9	0	0	0	0	0	0	0	0	52	0	0	0	0	13	10	0	0	22	0	20	0	0	0	21	46	0	0	0	0	0	0	0	0	0	155	0	0	0	0	0	0	0	0	0	0	0	0	12	7	0	0	0	0	0	73	0	0	0	0	0	0	0	0	0	0	0	0
"Prevotella_7"	128	277	42	21	0	21	12	60	25	50	6	0	54	5534	23	31	44	16774	19	0	0	0	8890	0	1107	0	0	415	58	7	21	0	0	25	0	0	24	0	1872	40	872	54	332	20	1448	2015	6411	2757	8842	16	13197	668	38	0	0	0	28	0	60	0	0	0	23	1665	0	0	7	747	71	0	0
"Prevotella_9"	51476	16684	1121	726	2130	66985	371	577	54853	41161	8342	21923	3331	73277	138613	340	1177	71503	42782	705	5507	706	36349	103978	869	83302	333	2106	298077	50302	9817	65519	16615	27541	746	3993	19363	87649	524	515	64269	96560	123033	106161	65837	149356	496	22138	63793	39841	2822	7284	751	519	924	744	27038	1710	7691	793	960	771	539	22430	22459	849	6269	1880	29388	8307	511
"Prevotellaceae_NK3B31_group"	0	0	0	0	0	0	0	0	0	0	0	0	0	0	0	0	0	0	0	0	0	0	0	0	0	0	0	0	0	0	0	0	0	0	0	0	434	0	476	0	0	0	0	0	0	0	0	182	568	0	0	107	0	0	0	0	16	0	0	0	0	0	0	17	0	0	0	0	0	0	0
"Prevotellaceae_UCG-001"	0	0	0	0	52	0	2	0	0	0	4	14	0	0	0	16	15	0	0	0	0	0	0	0	18	0	0	0	10	0	0	0	37	0	14	26	0	21	0	23	0	0	0	0	0	0	0	0	0	0	9	0	17	13	0	17	0	0	0	0	1354	1852	32	38	13	0	28	16	0	0	21
"Prevotellaceae_UCG-003"	0	0	0	0	0	286	0	0	0	0	0	0	0	0	0	0	0	0	0	4	0	0	0	0	0	0	0	0	0	0	0	0	0	0	0	0	2351	0	0	0	0	0	0	0	0	2	0	0	0	0	0	0	0	0	0	0	0	0	0	0	0	0	2	1149	0	0	0	0	0	0	0
"Prevotellaceae_UCG-004"	0	0	0	0	0	0	0	0	0	0	0	0	0	0	0	0	0	0	0	0	0	0	0	0	0	0	0	0	0	0	0	0	0	0	0	0	0	0	0	0	0	0	0	0	0	0	0	0	0	0	0	0	0	0	0	0	0	0	0	0	0	0	0	0	368	0	0	0	0	0	0
"Propionibacterium"	0	0	0	0	0	0	0	0	0	0	0	0	0	0	0	0	0	0	0	0	0	0	0	0	0	0	0	0	0	0	0	0	0	0	0	0	0	0	0	0	0	0	0	0	0	0	0	0	0	0	0	0	0	0	0	0	0	0	0	0	0	0	0	7	0	0	0	0	0	0	0
"Proteus"	93	7	0	0	0	0	0	0	0	0	0	0	0	0	0	0	0	3	31	0	0	0	0	0	0	0	0	0	0	0	0	0	0	27	0	0	0	0	0	0	0	0	0	43	0	0	0	0	0	0	0	0	0	0	0	0	0	0	0	0	0	0	0	0	0	0	10	0	0	0	0
"Providencia"	0	0	0	0	0	0	0	0	0	0	0	0	0	0	0	0	0	0	0	0	0	0	0	0	0	0	0	0	0	0	0	0	45	0	0	0	0	0	0	0	0	0	0	0	0	0	0	0	0	0	0	0	0	0	0	0	0	0	0	0	0	0	0	0	0	0	0	0	0	0	0
"Pseudobutyrivibrio"	0	0	0	0	0	0	0	0	0	0	0	0	0	0	0	0	0	0	0	0	0	0	44	0	0	0	0	0	0	0	0	0	0	0	0	0	18	0	0	0	0	0	0	0	0	5	0	0	0	0	0	0	14	0	3	0	0	0	0	0	0	0	0	0	0	0	0	0	0	0	0
"Pseudocitrobacter"	129	0	0	0	0	0	0	0	0	9	0	0	0	0	0	0	0	0	0	0	0	0	0	0	86	0	0	0	0	0	0	0	0	0	0	0	0	0	0	0	0	58	0	0	0	0	59	0	39	0	0	0	0	0	0	0	0	0	0	0	0	0	0	0	0	0	0	0	0	0	0
"Pseudoflavonifractor"	0	0	0	0	0	0	0	39	0	0	0	0	0	0	0	0	0	0	0	0	0	36	105	0	0	0	0	0	0	0	0	0	0	0	0	0	2	0	0	0	0	0	0	0	0	0	0	0	0	56	0	0	25	0	0	0	0	0	0	0	0	0	0	0	0	0	0	0	0	0	0
"Pseudomonas"	0	0	0	0	54	10	43	11	0	0	0	0	33	0	0	9	8	0	0	5	0	12	0	0	0	0	0	0	0	7	3	187	4	0	0	3	0	0	0	0	0	0	0	0	0	0	0	0	6	21	36	16	9	0	0	0	0	15	491	0	0	0	0	7	10	0	4	0	0	2	0
"Psychrobacter"	0	0	0	0	0	0	0	0	0	0	2	0	0	0	0	0	0	0	0	0	0	0	0	0	0	0	0	0	0	0	0	0	0	0	0	0	0	0	0	0	0	0	0	0	0	0	0	0	0	0	0	0	0	0	0	0	0	0	0	0	0	0	0	0	0	0	0	0	0	0	0
"Pyramidobacter"	439	0	0	0	0	0	0	0	0	0	351	0	0	0	0	0	0	0	0	0	0	4	378	0	0	0	0	0	154	7	0	0	80	14	5	0	0	0	99	0	0	0	0	0	0	0	0	0	4	5	18	0	0	0	0	0	0	0	0	0	0	0	0	0	0	0	0	15	0	0	0
"Ralstonia"	0	0	0	0	0	0	0	0	0	0	0	0	0	0	0	0	0	0	0	4	0	0	0	0	0	0	0	0	0	0	0	0	0	0	0	0	0	0	0	0	0	0	0	0	0	0	0	0	0	0	0	0	0	0	0	0	0	0	0	0	0	0	0	0	0	0	0	0	0	0	0
"Raoultibacter"	0	0	0	0	0	0	0	0	0	0	0	0	11	0	0	0	0	0	0	0	0	0	2	0	0	0	0	0	0	0	0	0	7	0	0	0	0	0	0	0	0	0	0	0	0	0	0	0	0	9	0	0	0	0	0	0	0	0	0	0	0	0	0	0	2	0	0	0	0	3	0
"Reyranella"	0	0	0	0	0	0	0	0	0	0	0	0	0	0	0	0	0	0	0	0	0	0	0	0	0	0	0	0	0	0	0	0	0	0	0	0	0	0	0	0	0	0	0	0	0	0	0	0	2	0	0	0	0	0	0	0	0	0	0	0	0	0	0	0	0	0	0	0	0	0	0
"Rickettsiella"	0	0	0	0	2	0	0	0	0	0	0	0	0	0	0	0	0	0	0	0	0	0	2	0	0	0	0	0	0	0	0	0	0	0	0	0	0	0	0	0	0	0	0	0	0	0	0	0	0	0	0	0	0	0	0	0	0	0	0	0	0	0	0	0	0	0	0	0	0	0	0
"Rikenella"	7	44	0	8	111	0	96	29	0	0	7	0	0	18	0	0	34	0	7	0	34	35	12	0	9	37	0	0	8	0	104	0	81	24	0	26	0	10	0	22	0	9	0	0	0	0	0	0	63	127	5	123	12	14	20	0	0	55	2	23	0	21	0	69	0	14	93	0	4	0	5
"Rikenellaceae_RC9_gut_group"	0	198	0	0	0	0	0	0	0	0	614	0	0	36	0	0	0	0	0	0	0	0	0	0	0	0	0	0	0	0	0	0	2	2	0	0	0	0	47	0	9	5	0	0	0	0	0	385	643	0	0	0	0	0	0	0	15	0	0	0	0	0	0	0	0	0	0	0	17	0	0
"Romboutsia"	78	0	65	19	487	29	303	332	0	0	0	0	36	12	38	10	1831	0	9	0	9	0	0	40	0	6	0	0	51	0	461	10	27	218	17	23	0	116	0	10	0	0	8	7	0	9	0	0	16	93	0	554	78	0	0	419	12	0	63	20	0	21	97	1650	77	0	0	0	110	0	0
"Roseburia"	5687	2539	100	2893	932	1930	0	378	7502	7477	1118	1403	888	1031	0	465	3170	4777	3504	224	4482	349	11871	3779	1436	1881	1946	9755	38112	1298	608	4239	2634	2475	2515	1765	1114	1987	779	798	358	5908	10264	5494	2617	2202	8823	2476	2946	1128	2666	15787	5327	0	220	17715	2053	3082	838	3185	13183	1888	7198	15715	4658	5551	5157	26023	763	3057	7616
"Rosenbergiella"	0	0	0	0	0	0	0	0	0	0	0	0	0	0	0	0	0	0	0	0	0	0	0	0	0	0	0	0	0	0	0	0	0	0	0	0	0	0	0	0	0	0	0	0	0	0	0	0	0	0	309	0	0	0	0	0	0	0	0	0	0	0	0	0	0	0	0	0	0	0	0
"Rothia"	15	0	0	13	0	10	30	5	0	38	10	4	0	14	21	7	0	57	25	9	0	0	20	37	14	0	0	51	38	13	0	0	39	26	0	0	64	0	0	21	0	31	34	0	0	0	0	10	26	0	0	29	11	22	9	0	0	0	0	0	0	0	46	0	0	8	0	52	0	0	0
"Ruminiclostridium"	0	0	0	44	89	0	46	17	0	0	10	0	0	0	0	0	0	0	0	0	11	0	0	0	0	0	44	0	0	0	0	0	14	0	0	0	0	0	0	0	0	0	0	0	0	0	0	0	14	17	0	41	0	0	0	28	0	0	0	0	0	0	0	27	0	0	18	6	11	0	7
"Ruminiclostridium_1"	0	0	0	63	0	3	0	0	0	0	0	0	0	0	0	0	0	0	0	0	0	0	0	0	0	0	0	0	0	0	0	0	0	0	0	0	308	0	0	0	0	0	0	0	0	0	0	0	0	0	180	0	0	0	0	0	0	0	0	0	0	0	0	0	0	0	73	0	0	0	0
"Ruminiclostridium_5"	70	35	219	69	251	60	13	142	23	328	94	0	39	28	63	103	299	437	53	24	253	479	156	67	224	80	0	87	52	0	0	90	163	109	61	67	466	29	41	340	0	39	46	24	14	10	76	54	67	479	170	178	425	63	35	91	36	38	382	23	305	76	107	549	13	172	66	142	72	123	43
"Ruminiclostridium_6"	0	500	0	3346	15	883	0	0	0	41	170	0	2944	0	9	12	7	0	0	0	1393	0	18	0	217	11	0	0	0	0	0	0	160	0	465	14	53	0	793	0	38	8	32	0	0	0	121	31	97	11	0	6	0	0	0	0	0	180	89	0	1779	27	32	34	308	27	45	0	12	3380	457
"Ruminiclostridium_9"	412	435	934	253	668	324	34	1835	62	264	88	0	93	757	80	647	20	68	1375	0	267	1032	293	91	69	107	104	670	4793	988	128	600	159	690	489	1448	456	497	1070	765	126	1290	499	2463	761	451	419	645	404	1258	1239	54	2130	1518	192	270	206	432	637	10	522	1133	24	0	228	2075	127	40	187	108	402
"Ruminococcaceae_NK4A214_group"	1910	3579	91	7543	97	1378	24	3591	47	2745	4947	0	5017	1866	423	255	1466	6268	6166	0	2454	1045	37072	1180	1452	1441	0	4441	42	0	622	0	707	2350	1805	15	7747	250	0	5378	425	189	475	0	0	268	223	740	1850	431	9271	810	1573	0	47	0	725	3145	3830	0	65	0	28	250	855	1213	3393	611	440	1817	0
"Ruminococcaceae_UCG-002"	6768	7573	863	16217	332	6056	104	7121	0	9855	14802	110	31724	2736	580	5593	4805	26256	8999	74	8789	5613	47319	7925	9535	2255	0	6090	371	112	1322	9367	6752	2904	3831	6309	22425	785	8201	3087	2030	892	1574	213	70	1090	3633	7409	18470	1572	16474	560	6376	123	290	86	4682	5983	8208	1459	7973	63	3695	4397	5561	2006	7357	2629	3205	5877	47
"Ruminococcaceae_UCG-003"	1533	1153	845	2090	101	761	0	53	104	778	930	1473	961	775	290	948	58	2586	1459	71	1435	1702	959	1029	934	745	85	2554	11160	1124	318	188	327	1061	2693	132	692	386	1566	1230	397	2670	1642	167	155	241	1512	1850	1697	0	2415	362	2447	477	153	120	1357	1940	1539	1510	5680	199	2469	279	609	1097	1347	100	601	380	313
"Ruminococcaceae_UCG-004"	74	0	102	0	2609	0	0	0	0	0	225	0	0	0	0	279	0	319	230	0	0	0	0	83	0	0	0	0	0	0	7	153	0	168	104	96	0	0	0	125	0	0	0	0	0	0	0	0	0	194	0	465	0	916	154	36	0	189	0	0	115	44	45	0	0	0	0	0	0	0	50
"Ruminococcaceae_UCG-005"	588	1370	154	2029	55	1834	18	1571	0	1450	3609	0	4863	42	13	4	2198	341	598	0	2051	2641	5123	218	4870	203	0	362	0	0	209	379	513	501	701	462	2773	73	219	0	318	40	129	0	0	46	549	761	2008	272	5531	85	1545	797	0	0	2240	738	440	38	0	0	554	639	2534	0	1728	407	1444	1834	141
"Ruminococcaceae_UCG-007"	0	26	0	14	0	0	0	0	0	0	0	0	0	0	0	0	29	0	0	0	0	34	0	0	0	0	0	0	0	0	0	0	0	0	0	0	32	0	0	0	0	0	0	0	0	0	0	0	0	0	0	0	0	0	0	0	0	0	0	0	0	0	0	0	80	0	0	0	0	0	0
"Ruminococcaceae_UCG-008"	0	7	0	6	0	0	0	29	0	0	0	0	0	6	0	0	58	0	0	0	0	0	25	0	0	0	0	0	0	0	0	0	0	0	3	0	0	0	7	0	75	0	0	0	0	0	0	0	0	0	0	0	0	82	0	0	0	0	0	0	0	0	0	0	0	8	0	0	0	0	0
"Ruminococcaceae_UCG-009"	0	511	0	112	0	36	0	0	0	113	0	0	33	0	0	0	14	0	65	0	44	0	0	0	0	0	0	0	0	0	0	0	21	0	56	0	55	42	0	0	41	0	0	0	0	0	71	0	15	0	79	0	309	0	24	0	53	38	16	0	0	0	0	99	59	0	42	41	0	34	0
"Ruminococcaceae_UCG-010"	20	854	0	3080	0	1474	0	1061	0	1294	1097	0	2317	17	0	0	1522	41	582	0	3637	42	95	0	155	50	0	0	0	0	0	0	59	31	687	25	4754	16	254	0	134	22	6	0	0	6	163	101	252	0	1518	88	0	0	0	0	1048	573	919	0	0	0	35	29	838	9	466	106	592	1218	0
"Ruminococcaceae_UCG-011"	0	15	0	36	0	0	0	0	0	17	59	0	0	0	0	0	98	0	0	0	0	0	0	0	0	0	0	0	0	0	0	0	0	0	0	0	0	0	0	0	0	0	0	0	0	0	0	6	0	0	0	0	0	0	0	0	10	0	0	0	0	0	0	0	2	0	0	0	0	20	0
"Ruminococcaceae_UCG-013"	57	159	577	106	16	408	0	54	92	118	229	122	410	9	181	139	288	42	220	0	268	27	669	14	64	354	154	318	26	182	5	198	50	99	592	155	758	196	307	137	0	220	1307	30	21	30	77	243	22	187	578	1498	231	2118	0	675	121	268	47	114	178	36	72	858	105	442	531	1146	31	0	101
"Ruminococcaceae_UCG-014"	309	206	56	2438	128	1969	21	20	25	3482	19014	0	3217	23	54	21	11754	42	1214	38	1045	16125	37	1018	5334	200	14	57	0	0	38	47	50	163	305	84	20872	110	18	56	54	52	1116	98	34	39	116	790	1939	22	7307	41	25	66	52	214	3077	280	149	0	9	30	0	28	461	0	1379	329	789	2929	0
"Ruminococcaceae_V9D2013_group"	0	0	0	0	0	0	0	0	0	0	0	0	0	0	0	0	0	0	0	0	0	0	0	0	0	0	0	0	0	0	0	0	0	0	0	0	0	0	0	0	0	0	0	0	0	0	0	0	0	0	0	0	0	0	0	0	0	0	0	0	0	0	0	0	5	0	0	0	0	0	0
"Ruminococcus_1"	1542	608	0	1969	92	769	6	459	0	1663	744	0	1549	28	60	2307	687	1173	1731	0	1054	411	518	406	286	224	0	2252	1098	426	3224	504	261	1480	1863	3125	813	290	116	3303	289	641	376	16	0	382	800	284	756	0	2953	1725	1073	14	83	40	292	3610	1289	0	930	58	1038	2115	5383	20675	661	3236	909	1651	1833
"Ruminococcus_2"	755	3556	1440	784	6669	73	45	14869	0	83	1036	78	23	0	53	522	1021	58	1677	28	745	3961	1261	47	992	7261	0	5170	253	52	94	5916	566	576	56	921	10791	555	597	4867	135	65	428	139	151	46	4865	1112	2852	1157	10081	1172	11839	4378	3861	69	1172	63	548	76	68	0	755	2859	425	2320	2651	0	13994	1892	4295
"S5-A14a"	0	0	0	0	0	0	0	0	0	0	0	0	0	0	0	0	0	0	0	0	0	0	0	0	0	0	0	0	0	0	0	0	0	0	0	0	0	0	14	0	0	0	0	0	0	0	0	0	0	0	0	0	0	0	0	0	0	5	0	0	0	0	0	0	0	0	0	0	0	0	0
"Sanguibacteroides"	0	41	0	4	0	33	0	0	0	0	218	0	0	129	0	0	0	0	0	0	0	0	334	0	3	0	0	0	0	0	0	0	0	0	0	0	19	0	22	0	28	0	0	0	0	0	113	43	153	0	54	0	0	0	0	0	24	0	0	0	0	0	0	0	0	0	0	0	129	0	0
"Scardovia"	0	0	0	0	0	0	39	0	0	0	11	0	0	0	4	0	0	0	0	0	0	0	40	0	0	0	0	0	0	0	0	0	0	0	0	0	4	0	0	0	0	0	0	0	0	0	0	0	0	0	0	0	0	0	3	0	0	0	0	0	0	0	0	0	0	0	0	0	0	0	0
"Sediminibacterium"	0	0	0	0	0	0	0	0	0	0	0	0	0	0	0	0	0	0	0	0	0	0	2	0	0	0	0	0	0	0	0	0	0	0	0	0	0	0	0	0	0	0	0	0	0	0	0	0	0	0	0	0	0	0	0	0	0	0	0	0	0	0	0	0	0	0	0	0	0	0	0
"Selenomonas"	0	0	0	0	0	0	0	0	0	0	0	0	0	0	9	0	0	22	0	0	0	0	0	0	0	0	0	28	73	0	0	0	0	0	0	0	0	0	0	22	0	0	41	0	0	0	0	0	0	0	0	0	0	0	0	0	0	0	0	0	0	0	0	0	0	0	0	0	0	0	0
"Selenomonas_3"	0	0	0	0	0	0	0	0	0	0	0	0	0	7	0	0	0	14	6	0	0	0	0	0	0	0	0	23	18	0	0	0	0	0	0	0	0	0	0	8	0	8	102	0	0	0	0	16	0	0	0	21	0	0	0	0	0	0	0	0	0	0	0	0	0	0	0	12	0	0	0
"Selenomonas_4"	0	0	0	0	0	0	0	0	0	0	0	0	0	0	0	6	0	6	0	0	0	0	0	0	0	0	0	0	0	0	0	0	0	0	0	0	0	0	0	0	0	0	0	0	0	0	0	0	0	0	0	0	0	3	0	0	0	0	0	0	0	0	0	0	0	0	0	0	0	0	0
"Sellimonas"	0	0	0	0	0	0	180	0	0	0	0	0	0	0	0	0	0	0	0	0	0	0	0	0	0	0	0	0	0	0	0	0	0	0	0	0	0	0	0	0	0	0	0	0	0	0	0	0	0	0	0	0	0	0	0	0	0	0	0	0	0	0	0	0	0	0	0	0	0	0	0
"Senegalimassilia"	65	0	29	80	0	71	0	424	0	31	310	118	103	140	76	0	230	103	229	0	0	0	0	54	36	0	0	40	0	0	0	0	37	0	47	0	267	0	0	0	0	166	47	14	45	77	0	130	225	0	0	0	0	0	0	0	0	0	0	0	0	0	0	0	15	0	0	0	0	11	0
"Shuttleworthia"	0	0	0	157	0	0	0	0	0	0	0	0	0	0	0	0	0	0	16	0	0	0	0	0	23	0	0	0	0	0	0	0	0	0	4	31	0	109	0	0	0	85	0	0	0	0	0	0	0	0	300	0	0	0	0	0	0	10	19	0	0	0	0	0	0	0	146	0	0	0	0
"Slackia"	21	282	0	79	0	90	0	387	17	2	28	9	335	50	24	0	65	143	227	0	0	0	849	133	0	0	0	0	47	0	0	0	0	14	0	0	128	0	0	0	0	70	39	0	0	128	52	53	63	0	99	150	0	0	0	0	0	0	0	0	0	11	0	0	0	0	0	0	0	6	0
"SN8"	0	0	0	0	0	0	0	0	0	0	0	0	0	0	0	0	0	0	0	0	0	0	0	0	0	0	0	0	0	0	0	0	0	0	0	0	0	0	0	0	0	0	0	0	0	0	0	0	0	0	0	0	0	0	0	0	0	0	0	0	0	0	0	0	0	0	2	0	0	0	0
"Sneathia"	0	0	0	0	0	0	0	0	0	0	0	0	0	0	0	0	0	0	0	0	0	0	0	0	0	0	0	0	0	0	0	0	0	0	0	0	0	0	0	0	9	0	2	0	0	0	0	0	0	0	0	0	0	0	0	0	0	57	0	0	0	0	0	0	0	0	0	0	0	0	0
"Solobacterium"	138	62	0	0	11	0	0	0	4	4	0	0	0	19	68	0	3	373	5	0	0	0	0	69	0	0	0	19	0	0	0	7	48	97	0	0	63	0	12	6	0	7	356	0	0	39	0	10	40	0	11	17	0	0	3	0	0	0	0	110	0	0	0	0	0	0	0	0	0	0	0
"Sphingomonas"	0	0	0	0	0	0	0	0	0	0	0	0	0	0	0	0	0	0	0	0	0	0	0	0	0	0	0	0	0	0	0	0	0	0	0	0	0	0	0	0	0	5	0	0	0	0	0	0	0	0	0	0	0	0	0	0	0	0	0	0	0	0	0	0	0	0	0	0	0	0	0
"Staphylococcus"	0	0	47	0	140	18	33	0	0	0	0	0	34	12	0	41	13	13	0	49	0	0	25	9	0	0	0	0	0	0	0	0	6	0	0	0	0	0	0	30	0	76	0	0	0	72	143	9	0	33	37	27	64	0	0	11	0	13	0	0	0	4	15	12	20	0	36	19	0	11	15
"Stenotrophomonas"	198	409	73	173	4586	246	1989	822	77	47	110	72	235	204	255	601	356	190	150	157	373	237	260	110	109	451	339	66	146	256	55	75	1406	595	397	499	167	280	297	495	65	139	830	77	64	95	72	184	727	2486	144	3078	177	389	68	1091	230	895	9	443	76	309	172	1112	696	299	1704	404	638	384	370
"Stomatobaculum"	15	11	0	0	0	0	7	0	0	0	0	0	0	0	0	0	0	6	10	0	0	0	18	0	0	0	0	96	57	4	0	0	0	0	0	0	0	0	40	0	0	0	10	0	0	0	0	26	0	0	6	0	10	0	0	0	0	0	0	0	10	0	0	0	0	0	0	13	0	0	0
"Streptococcus"	6163	314	113	5477	959	458	36411	542	592	5573	114	2683	161	2520	5489	5023	119	10032	5527	258	193	3261	1187	15450	103	1608	872	10435	16307	1816	830	1378	3328	2958	1594	172	2501	88	93	4082	81	6986	3031	2399	1062	358	771	1533	493	683	373	11703	1211	4896	2281	317	86	2177	150	994	1448	170	3647	226	176	1998	182	10615	92	3486	123
"Subdoligranulum"	1991	3010	10382	3251	202	1291	46	997	194	5536	5347	1245	4106	95	2276	9512	6852	832	2508	31	2073	8596	8561	4213	3503	1109	0	5319	4317	270	0	1764	3405	594	4336	1108	2308	1681	1129	4501	428	1675	3875	91	82	1610	3496	2225	4502	5523	17536	6476	24687	7113	30	105	2028	4362	824	29	1138	658	3092	3088	2801	4257	3133	6168	1182	1157	8756
"Succinatimonas"	0	366	0	0	0	0	0	56	0	0	0	0	207	0	0	0	0	0	0	0	0	0	477	0	0	9	0	0	0	0	0	6	0	0	0	0	0	0	0	0	0	0	0	0	0	0	0	0	0	0	0	0	0	0	0	0	0	0	10	0	0	0	0	0	0	0	0	0	230	0	0
"Succiniclasticum"	0	0	0	0	0	0	0	0	0	0	0	0	0	0	0	0	0	0	0	0	0	5617	0	0	0	0	0	0	0	0	99	0	3906	17	0	0	0	0	0	0	0	0	0	0	0	0	0	0	0	0	0	0	0	0	0	0	0	0	0	0	0	0	0	0	0	0	0	0	0	0	0
"Succinivibrio"	0	0	28	0	155	13308	19	42	0	0	37	0	20375	2380	62	40	90	74	39	30	0	20	51	26934	27	53	802	0	0	0	0	36	0	0	0	0	204	0	0	0	13747	0	0	37	405	21831	67	85	0	25	41	30	49	0	0	0	0	9	51	54	52	19	0	0	0	0	0	0	22571	0	0
"Sutterella"	839	203	0	224	208	1600	0	179	3192	903	461	7999	126	1515	959	285	0	2839	1602	13451	173	220	2211	6242	167	1336	4191	7179	6836	6333	114	929	674	828	2479	402	981	6993	579	0	1334	6949	4073	10143	4256	10010	1773	3761	2172	0	272	408	2684	0	0	2234	554	1598	260	1974	0	1654	3554	0	0	49	246	92	2106	392	21
"Syntrophococcus"	0	0	137	0	0	129	0	0	0	97	167	0	101	83	57	35	0	0	111	0	0	0	0	87	274	0	0	109	0	129	0	0	37	0	160	22	156	188	0	0	95	306	261	0	98	0	182	142	83	0	340	19	257	0	0	0	200	112	0	131	0	0	0	332	103	0	350	0	0	83	0
"Terrisporobacter"	0	0	0	0	0	0	0	0	0	0	0	0	16	0	0	0	0	0	0	0	0	0	0	0	0	0	0	0	0	0	0	0	13	0	0	0	0	0	0	0	0	0	0	0	0	0	0	0	0	0	0	0	0	0	0	123	0	0	0	0	0	261	0	0	0	0	0	0	0	0	0
"Thermosyntropha"	0	4	0	0	0	0	0	0	0	0	0	0	0	0	0	0	0	0	0	0	0	0	0	0	0	0	0	0	0	0	0	0	0	0	0	0	0	0	0	0	4	0	0	0	0	0	0	0	0	0	0	0	0	0	0	0	0	0	0	0	0	0	0	0	0	0	0	0	0	0	0
"Tritrichomonas"	0	0	0	0	0	0	0	0	0	0	0	0	0	0	0	0	0	0	0	0	0	0	0	0	0	0	0	0	0	0	0	0	4	0	0	0	0	0	0	0	0	0	0	0	0	0	0	0	0	0	0	0	0	0	0	0	0	0	0	0	0	0	0	0	0	0	0	0	0	0	0
"Turicibacter"	0	0	0	0	0	0	0	0	0	0	0	0	3	0	0	0	0	0	0	0	0	0	0	0	0	0	0	0	0	0	0	0	9	0	0	0	0	0	0	0	0	0	0	0	0	0	0	0	0	6	0	0	0	0	0	75	0	0	0	0	0	0	0	0	0	0	0	0	0	0	0
"Tyzzerella"	231	271	0	16	78	16	110	26	1077	101	47	239	95	171	0	541	0	0	0	9	242	86	303	0	760	426	887	0	98	0	32	327	16	106	0	346	0	925	60	1236	66	0	0	419	344	0	950	986	22	578	2916	0	504	2811	299	273	0	0	319	4013	13737	3595	141	0	0	486	594	1472	24	29	218
"Tyzzerella_3"	0	0	0	0	4	0	0	0	0	0	0	0	0	0	0	0	0	0	0	0	0	0	51	0	0	0	0	0	0	0	0	0	0	95	0	271	0	0	0	0	0	0	0	0	0	37	246	0	0	593	0	0	0	0	0	1330	0	0	0	46	0	0	0	0	0	0	0	0	4	0	858
"Tyzzerella_4"	0	0	0	0	1644	0	238	196	0	0	12	0	0	0	0	13	0	0	0	19	0	777	0	0	0	0	0	0	0	0	0	622	0	0	0	0	0	0	0	16	0	0	0	0	0	16	9	249	0	0	0	0	0	64	58	648	0	0	0	0	0	924	0	9	0	0	0	34	0	0	119
"UBA1819"	15	41	34	51	275	10	21	1573	62	40	214	34	44	8	20	245	259	184	62	0	36	65	61	15	109	0	0	0	76	0	0	71	46	21	33	595	12	0	23	56	0	0	0	0	0	0	77	0	11	241	35	0	53	96	64	0	44	34	11	88	244	89	33	0	21	76	19	47	27	24	120
"UC5-1-2E3"	0	23	0	3	0	0	0	0	0	0	0	0	0	0	39	0	0	0	0	0	0	0	11	0	0	0	0	0	0	0	0	0	0	0	0	123	0	0	31	0	0	0	0	0	19	0	0	0	0	0	0	0	0	0	0	0	0	0	0	0	0	0	0	0	0	24	0	0	13	0	0
"Varibaculum"	0	0	0	0	0	0	0	0	0	0	0	0	3	0	0	0	0	0	0	0	0	0	0	0	0	0	0	0	0	0	0	0	0	0	0	0	0	0	0	0	0	0	0	0	0	0	0	0	0	0	0	0	0	0	0	0	0	0	0	0	0	0	0	0	0	0	0	0	0	0	0
"Veillonella"	2401	410	83	798	190	103	1282	131	7125	2233	207	982	43	1656	1181	9222	54	11488	4936	8903	630	288	1139	1751	1281	3759	5231	9214	13306	2565	1411	8422	5726	2793	2653	211	3917	137	140	5956	58	12358	7906	1846	1867	87	85	13352	2111	35	7876	68858	961	2713	648	192	112	3154	436	3429	1399	792	4991	1019	101	251	2617	4609	52	1061	195
"Victivallis"	1109	77	0	251	0	0	0	0	0	0	313	0	50	301	0	91	0	0	559	0	97	77	20	0	0	39	6	0	0	0	190	51	36	188	28	0	249	0	326	0	31	9	13	0	0	10	111	46	75	16	87	0	0	0	0	0	175	28	495	0	0	91	0	0	0	0	12	0	37	5	0
"W5053"	0	0	0	0	0	0	0	0	0	0	0	0	0	0	0	0	0	0	0	0	0	0	0	3	0	0	0	0	0	0	0	0	0	0	0	0	0	0	9	0	0	0	0	0	0	0	0	0	0	0	0	0	0	0	0	0	0	0	0	0	0	0	0	0	0	0	0	0	0	0	0
"Weissella"	0	0	0	0	0	0	0	13	0	0	0	0	9	0	0	517	317	0	64	0	0	0	0	1010	0	0	0	0	0	0	0	0	11	0	0	0	0	0	0	0	0	0	0	8	0	0	0	0	0	0	0	0	0	0	0	0	0	0	0	0	0	0	2028	23	0	47	0	0	0	0	0
"XBB1006"	0	0	0	0	0	0	0	0	0	0	0	0	0	0	0	13	0	0	0	0	0	0	0	0	0	0	0	0	0	0	0	0	0	0	0	0	0	0	0	0	0	0	0	0	0	0	0	0	0	0	0	0	0	0	0	0	0	0	0	0	0	0	0	0	0	0	0	0	0	0	0
"Z20"	0	0	0	0	0	0	0	0	0	0	0	0	0	0	0	0	0	0	0	0	0	0	158	0	0	0	0	0	0	0	0	0	0	0	0	0	0	0	0	0	0	0	0	0	0	0	0	0	0	0	0	0	0	0	0	0	0	0	0	0	0	0	0	0	0	0	0	0	0	0	0
